(kicad_pcb (version 20171130) (host pcbnew 5.1.7-a382d34a8~88~ubuntu18.04.1)

  (general
    (thickness 1.6)
    (drawings 15)
    (tracks 442)
    (zones 0)
    (modules 27)
    (nets 55)
  )

  (page A4)
  (layers
    (0 F.Cu signal)
    (31 B.Cu signal)
    (32 B.Adhes user)
    (33 F.Adhes user)
    (34 B.Paste user)
    (35 F.Paste user)
    (36 B.SilkS user)
    (37 F.SilkS user)
    (38 B.Mask user)
    (39 F.Mask user)
    (40 Dwgs.User user)
    (41 Cmts.User user)
    (42 Eco1.User user)
    (43 Eco2.User user)
    (44 Edge.Cuts user)
    (45 Margin user)
    (46 B.CrtYd user)
    (47 F.CrtYd user)
    (48 B.Fab user)
    (49 F.Fab user)
  )

  (setup
    (last_trace_width 0.25)
    (trace_clearance 0.25)
    (zone_clearance 0.508)
    (zone_45_only no)
    (trace_min 0.2)
    (via_size 0.55)
    (via_drill 0.4)
    (via_min_size 0.4)
    (via_min_drill 0.3)
    (uvia_size 0.5)
    (uvia_drill 0.3)
    (uvias_allowed no)
    (uvia_min_size 0.2)
    (uvia_min_drill 0.1)
    (edge_width 0.05)
    (segment_width 0.2)
    (pcb_text_width 0.3)
    (pcb_text_size 1.5 1.5)
    (mod_edge_width 0.12)
    (mod_text_size 1 1)
    (mod_text_width 0.15)
    (pad_size 1.524 1.524)
    (pad_drill 0.762)
    (pad_to_mask_clearance 0.05)
    (aux_axis_origin 0 0)
    (visible_elements FFFFFF7F)
    (pcbplotparams
      (layerselection 0x3f3ff_ffffffff)
      (usegerberextensions true)
      (usegerberattributes false)
      (usegerberadvancedattributes false)
      (creategerberjobfile true)
      (excludeedgelayer true)
      (linewidth 0.150000)
      (plotframeref false)
      (viasonmask false)
      (mode 1)
      (useauxorigin false)
      (hpglpennumber 1)
      (hpglpenspeed 20)
      (hpglpendiameter 15.000000)
      (psnegative false)
      (psa4output false)
      (plotreference true)
      (plotvalue true)
      (plotinvisibletext false)
      (padsonsilk false)
      (subtractmaskfromsilk false)
      (outputformat 1)
      (mirror false)
      (drillshape 0)
      (scaleselection 1)
      (outputdirectory "FrontEnd_HeavyDevice_v1_Gerber/"))
  )

  (net 0 "")
  (net 1 "Net-(AE1-Pad1)")
  (net 2 /5V)
  (net 3 /GND)
  (net 4 /VCC3V3)
  (net 5 /RESET)
  (net 6 /PC14)
  (net 7 /PC15)
  (net 8 /OSCIN)
  (net 9 /OSCOUT)
  (net 10 "Net-(D1-Pad2)")
  (net 11 "Net-(D2-Pad2)")
  (net 12 /RX0)
  (net 13 /TX0)
  (net 14 /SWIO)
  (net 15 /SWCLK)
  (net 16 /DSW_1)
  (net 17 /Opto_IN)
  (net 18 /Energy)
  (net 19 "Net-(R3-Pad2)")
  (net 20 "Net-(U1-Pad4)")
  (net 21 /NSS)
  (net 22 /Reset_Lora)
  (net 23 /DIO0)
  (net 24 "Net-(U2-Pad26)")
  (net 25 "Net-(U2-Pad27)")
  (net 26 "Net-(U2-Pad28)")
  (net 27 "Net-(U2-Pad32)")
  (net 28 /SCK)
  (net 29 /MISO)
  (net 30 /MOSI)
  (net 31 "Net-(U2-Pad42)")
  (net 32 "Net-(U2-Pad43)")
  (net 33 "Net-(U2-Pad45)")
  (net 34 "Net-(U2-Pad46)")
  (net 35 /Touch_1)
  (net 36 "Net-(U3-Pad7)")
  (net 37 "Net-(U3-Pad8)")
  (net 38 "Net-(U3-Pad10)")
  (net 39 "Net-(U3-Pad11)")
  (net 40 "Net-(T1-Pad1)")
  (net 41 "Net-(U4-Pad4)")
  (net 42 "Net-(U4-Pad6)")
  (net 43 "Net-(D3-Pad2)")
  (net 44 "Net-(U2-Pad38)")
  (net 45 "Net-(U2-Pad1)")
  (net 46 "Net-(U2-Pad11)")
  (net 47 "Net-(U2-Pad12)")
  (net 48 "Net-(U2-Pad13)")
  (net 49 "Net-(U2-Pad22)")
  (net 50 "Net-(U2-Pad39)")
  (net 51 "Net-(U2-Pad40)")
  (net 52 "Net-(U2-Pad41)")
  (net 53 "Net-(U2-Pad25)")
  (net 54 "Net-(U3-Pad6)")

  (net_class Default "This is the default net class."
    (clearance 0.25)
    (trace_width 0.25)
    (via_dia 0.55)
    (via_drill 0.4)
    (uvia_dia 0.5)
    (uvia_drill 0.3)
    (diff_pair_width 0.2)
    (diff_pair_gap 0.2)
    (add_net /5V)
    (add_net /DIO0)
    (add_net /DSW_1)
    (add_net /Energy)
    (add_net /GND)
    (add_net /MISO)
    (add_net /MOSI)
    (add_net /NSS)
    (add_net /OSCIN)
    (add_net /OSCOUT)
    (add_net /Opto_IN)
    (add_net /PC14)
    (add_net /PC15)
    (add_net /RESET)
    (add_net /RX0)
    (add_net /Reset_Lora)
    (add_net /SCK)
    (add_net /SWCLK)
    (add_net /SWIO)
    (add_net /TX0)
    (add_net /Touch_1)
    (add_net /VCC3V3)
    (add_net "Net-(D1-Pad2)")
    (add_net "Net-(D2-Pad2)")
    (add_net "Net-(D3-Pad2)")
    (add_net "Net-(R3-Pad2)")
    (add_net "Net-(T1-Pad1)")
    (add_net "Net-(U1-Pad4)")
    (add_net "Net-(U2-Pad1)")
    (add_net "Net-(U2-Pad11)")
    (add_net "Net-(U2-Pad12)")
    (add_net "Net-(U2-Pad13)")
    (add_net "Net-(U2-Pad22)")
    (add_net "Net-(U2-Pad25)")
    (add_net "Net-(U2-Pad26)")
    (add_net "Net-(U2-Pad27)")
    (add_net "Net-(U2-Pad28)")
    (add_net "Net-(U2-Pad32)")
    (add_net "Net-(U2-Pad38)")
    (add_net "Net-(U2-Pad39)")
    (add_net "Net-(U2-Pad40)")
    (add_net "Net-(U2-Pad41)")
    (add_net "Net-(U2-Pad42)")
    (add_net "Net-(U2-Pad43)")
    (add_net "Net-(U2-Pad45)")
    (add_net "Net-(U2-Pad46)")
    (add_net "Net-(U3-Pad10)")
    (add_net "Net-(U3-Pad11)")
    (add_net "Net-(U3-Pad6)")
    (add_net "Net-(U3-Pad7)")
    (add_net "Net-(U3-Pad8)")
    (add_net "Net-(U4-Pad4)")
    (add_net "Net-(U4-Pad6)")
  )

  (net_class Antenna ""
    (clearance 0.25)
    (trace_width 0.8)
    (via_dia 0.55)
    (via_drill 0.4)
    (uvia_dia 0.5)
    (uvia_drill 0.3)
    (diff_pair_width 0.2)
    (diff_pair_gap 0.2)
    (add_net "Net-(AE1-Pad1)")
  )

  (module Pin_Headers:PinHeader_1x06_P2.54mm_Vertical (layer B.Cu) (tedit 59FED5CC) (tstamp 60FC17E5)
    (at 111.54 77.89 270)
    (descr "Through hole straight pin header, 1x06, 2.54mm pitch, single row")
    (tags "Through hole pin header THT 1x06 2.54mm single row")
    (path /611342A7)
    (fp_text reference J2 (at -1.15406 -15.94514) (layer B.SilkS)
      (effects (font (size 1 1) (thickness 0.15)) (justify mirror))
    )
    (fp_text value Conn_01x06_Female (at 0 -15.03 270) (layer B.Fab) hide
      (effects (font (size 1 1) (thickness 0.15)) (justify mirror))
    )
    (fp_line (start 1.8 1.8) (end -1.8 1.8) (layer B.CrtYd) (width 0.05))
    (fp_line (start 1.8 -14.5) (end 1.8 1.8) (layer B.CrtYd) (width 0.05))
    (fp_line (start -1.8 -14.5) (end 1.8 -14.5) (layer B.CrtYd) (width 0.05))
    (fp_line (start -1.8 1.8) (end -1.8 -14.5) (layer B.CrtYd) (width 0.05))
    (fp_line (start -1.33 1.33) (end 0 1.33) (layer B.SilkS) (width 0.12))
    (fp_line (start -1.33 0) (end -1.33 1.33) (layer B.SilkS) (width 0.12))
    (fp_line (start -1.33 -1.27) (end 1.33 -1.27) (layer B.SilkS) (width 0.12))
    (fp_line (start 1.33 -1.27) (end 1.33 -14.03) (layer B.SilkS) (width 0.12))
    (fp_line (start -1.33 -1.27) (end -1.33 -14.03) (layer B.SilkS) (width 0.12))
    (fp_line (start -1.33 -14.03) (end 1.33 -14.03) (layer B.SilkS) (width 0.12))
    (fp_line (start -1.27 0.635) (end -0.635 1.27) (layer B.Fab) (width 0.1))
    (fp_line (start -1.27 -13.97) (end -1.27 0.635) (layer B.Fab) (width 0.1))
    (fp_line (start 1.27 -13.97) (end -1.27 -13.97) (layer B.Fab) (width 0.1))
    (fp_line (start 1.27 1.27) (end 1.27 -13.97) (layer B.Fab) (width 0.1))
    (fp_line (start -0.635 1.27) (end 1.27 1.27) (layer B.Fab) (width 0.1))
    (fp_text user %R (at 0 -6.35) (layer B.Fab) hide
      (effects (font (size 1 1) (thickness 0.15)) (justify mirror))
    )
    (pad 6 thru_hole oval (at 0 -12.7 270) (size 1.7 1.7) (drill 1) (layers *.Cu *.Mask)
      (net 3 /GND))
    (pad 5 thru_hole oval (at 0 -10.16 270) (size 1.7 1.7) (drill 1) (layers *.Cu *.Mask)
      (net 2 /5V))
    (pad 4 thru_hole oval (at 0 -7.62 270) (size 1.7 1.7) (drill 1) (layers *.Cu *.Mask)
      (net 4 /VCC3V3))
    (pad 3 thru_hole oval (at 0 -5.08 270) (size 1.7 1.7) (drill 1) (layers *.Cu *.Mask)
      (net 17 /Opto_IN))
    (pad 2 thru_hole oval (at 0 -2.54 270) (size 1.7 1.7) (drill 1) (layers *.Cu *.Mask)
      (net 18 /Energy))
    (pad 1 thru_hole rect (at 0 0 270) (size 1.7 1.7) (drill 1) (layers *.Cu *.Mask)
      (net 16 /DSW_1))
    (model ${KISYS3DMOD}/Connector_PinHeader_2.54mm.3dshapes/PinHeader_1x06_P2.54mm_Vertical.wrl
      (at (xyz 0 0 0))
      (scale (xyz 1 1 1))
      (rotate (xyz 0 0 0))
    )
  )

  (module Pin_Headers:Pin_Header_Straight_1x06_Pitch2.54mm (layer B.Cu) (tedit 59650532) (tstamp 5F8417EB)
    (at 98.6231 78.3996 180)
    (descr "Through hole straight pin header, 1x06, 2.54mm pitch, single row")
    (tags "Through hole pin header THT 1x06 2.54mm single row")
    (path /5F84F8FA)
    (fp_text reference J1 (at -3.11658 1.59004) (layer B.SilkS)
      (effects (font (size 1 1) (thickness 0.15)) (justify mirror))
    )
    (fp_text value Conn_01x06_Female (at 0 -15.03) (layer B.Fab) hide
      (effects (font (size 1 1) (thickness 0.15)) (justify mirror))
    )
    (fp_line (start 1.8 1.8) (end -1.8 1.8) (layer B.CrtYd) (width 0.05))
    (fp_line (start 1.8 -14.5) (end 1.8 1.8) (layer B.CrtYd) (width 0.05))
    (fp_line (start -1.8 -14.5) (end 1.8 -14.5) (layer B.CrtYd) (width 0.05))
    (fp_line (start -1.8 1.8) (end -1.8 -14.5) (layer B.CrtYd) (width 0.05))
    (fp_line (start -1.33 1.33) (end 0 1.33) (layer B.SilkS) (width 0.12))
    (fp_line (start -1.33 0) (end -1.33 1.33) (layer B.SilkS) (width 0.12))
    (fp_line (start -1.33 -1.27) (end 1.33 -1.27) (layer B.SilkS) (width 0.12))
    (fp_line (start 1.33 -1.27) (end 1.33 -14.03) (layer B.SilkS) (width 0.12))
    (fp_line (start -1.33 -1.27) (end -1.33 -14.03) (layer B.SilkS) (width 0.12))
    (fp_line (start -1.33 -14.03) (end 1.33 -14.03) (layer B.SilkS) (width 0.12))
    (fp_line (start -1.27 0.635) (end -0.635 1.27) (layer B.Fab) (width 0.1))
    (fp_line (start -1.27 -13.97) (end -1.27 0.635) (layer B.Fab) (width 0.1))
    (fp_line (start 1.27 -13.97) (end -1.27 -13.97) (layer B.Fab) (width 0.1))
    (fp_line (start 1.27 1.27) (end 1.27 -13.97) (layer B.Fab) (width 0.1))
    (fp_line (start -0.635 1.27) (end 1.27 1.27) (layer B.Fab) (width 0.1))
    (fp_text user %R (at 0 -6.35 270) (layer B.Fab) hide
      (effects (font (size 1 1) (thickness 0.15)) (justify mirror))
    )
    (pad 1 thru_hole rect (at 0 0 180) (size 1.7 1.7) (drill 1) (layers *.Cu *.Mask)
      (net 3 /GND))
    (pad 2 thru_hole oval (at 0 -2.54 180) (size 1.7 1.7) (drill 1) (layers *.Cu *.Mask)
      (net 15 /SWCLK))
    (pad 3 thru_hole oval (at 0 -5.08 180) (size 1.7 1.7) (drill 1) (layers *.Cu *.Mask)
      (net 14 /SWIO))
    (pad 4 thru_hole oval (at 0 -7.62 180) (size 1.7 1.7) (drill 1) (layers *.Cu *.Mask)
      (net 4 /VCC3V3))
    (pad 5 thru_hole oval (at 0 -10.16 180) (size 1.7 1.7) (drill 1) (layers *.Cu *.Mask)
      (net 13 /TX0))
    (pad 6 thru_hole oval (at 0 -12.7 180) (size 1.7 1.7) (drill 1) (layers *.Cu *.Mask)
      (net 12 /RX0))
    (model ${KISYS3DMOD}/Pin_Headers.3dshapes/Pin_Header_Straight_1x06_Pitch2.54mm.wrl
      (at (xyz 0 0 0))
      (scale (xyz 1 1 1))
      (rotate (xyz 0 0 0))
    )
  )

  (module "Custom_Libraries:STM32(LQFP48)" (layer B.Cu) (tedit 5F81CC1C) (tstamp 5F487A12)
    (at 132.908 93.6727 90)
    (descr STM32)
    (tags STM32)
    (path /5F47C321)
    (attr smd)
    (fp_text reference U2 (at 4.63042 -5.07998) (layer B.SilkS)
      (effects (font (size 1 1) (thickness 0.15)) (justify mirror))
    )
    (fp_text value STM32 (at 0.762 0 270) (layer B.Fab) hide
      (effects (font (size 0.5 0.3) (thickness 0.075)) (justify mirror))
    )
    (fp_line (start -3.048 2.54) (end -3.048 -3.556) (layer B.SilkS) (width 0.15))
    (fp_line (start -2.54 -4.064) (end 3.556 -4.064) (layer B.SilkS) (width 0.15))
    (fp_line (start 4.064 -3.556) (end 4.064 2.54) (layer B.SilkS) (width 0.15))
    (fp_line (start 3.556 3.048) (end -2.54 3.048) (layer B.SilkS) (width 0.15))
    (fp_circle (center -2.286 2.286) (end -2.032 2.032) (layer B.SilkS) (width 0.15))
    (fp_arc (start 3.556 -3.556) (end 4.064 -3.556) (angle -90) (layer B.SilkS) (width 0.15))
    (fp_arc (start -2.54 -3.556) (end -2.54 -4.064) (angle -90) (layer B.SilkS) (width 0.15))
    (fp_arc (start 3.556 2.54) (end 3.556 3.048) (angle -90) (layer B.SilkS) (width 0.15))
    (fp_arc (start -2.54 2.54) (end -3.048 2.54) (angle -90) (layer B.SilkS) (width 0.15))
    (pad 38 smd rect (at 2.794 3.556 90) (size 0.23 1) (layers *.Adhes *.Paste *.SilkS *.Mask B.Cu Dwgs.User Eco1.User Eco2.User)
      (net 44 "Net-(U2-Pad38)"))
    (pad 1 smd rect (at -3.556 2.286 90) (size 1 0.23) (layers *.Adhes *.Paste *.SilkS *.Mask B.Cu Dwgs.User Eco1.User Eco2.User)
      (net 45 "Net-(U2-Pad1)"))
    (pad 2 smd rect (at -3.556 1.778 90) (size 1 0.23) (layers *.Adhes *.Paste *.SilkS *.Mask B.Cu Dwgs.User Eco1.User Eco2.User)
      (net 22 /Reset_Lora) (zone_connect 2))
    (pad 3 smd rect (at -3.556 1.27 90) (size 1 0.23) (layers *.Adhes *.Paste *.SilkS *.Mask B.Cu Dwgs.User Eco1.User Eco2.User)
      (net 6 /PC14))
    (pad 4 smd rect (at -3.556 0.762 90) (size 1 0.23) (layers *.Adhes *.Paste *.SilkS *.Mask B.Cu Dwgs.User Eco1.User Eco2.User)
      (net 7 /PC15))
    (pad 5 smd rect (at -3.556 0.254 90) (size 1 0.23) (layers *.Adhes *.Paste *.SilkS *.Mask B.Cu Dwgs.User Eco1.User Eco2.User)
      (net 8 /OSCIN))
    (pad 6 smd rect (at -3.556 -0.254 90) (size 1 0.23) (layers *.Adhes *.Paste *.SilkS *.Mask B.Cu Dwgs.User Eco1.User Eco2.User)
      (net 9 /OSCOUT))
    (pad 7 smd rect (at -3.556 -0.762 90) (size 1 0.23) (layers *.Adhes *.Paste *.SilkS *.Mask B.Cu Dwgs.User Eco1.User Eco2.User)
      (net 5 /RESET))
    (pad 8 smd rect (at -3.556 -1.27 90) (size 1 0.23) (layers *.Adhes *.Paste *.SilkS *.Mask B.Cu Dwgs.User Eco1.User Eco2.User)
      (net 3 /GND))
    (pad 9 smd rect (at -3.556 -1.778 90) (size 1 0.23) (layers *.Adhes *.Paste *.SilkS *.Mask B.Cu Dwgs.User Eco1.User Eco2.User)
      (net 4 /VCC3V3))
    (pad 10 smd rect (at -3.556 -2.286 90) (size 1 0.23) (layers *.Adhes *.Paste *.SilkS *.Mask B.Cu Dwgs.User Eco1.User Eco2.User)
      (net 23 /DIO0))
    (pad 11 smd rect (at -3.556 -2.794 90) (size 1 0.23) (layers *.Adhes *.Paste *.SilkS *.Mask B.Cu Dwgs.User Eco1.User Eco2.User)
      (net 46 "Net-(U2-Pad11)"))
    (pad 12 smd rect (at -3.556 -3.302 90) (size 1 0.23) (layers *.Adhes *.Paste *.SilkS *.Mask B.Cu Dwgs.User Eco1.User Eco2.User)
      (net 47 "Net-(U2-Pad12)"))
    (pad 13 smd rect (at -2.286 -4.572 90) (size 0.23 1) (layers *.Adhes *.Paste *.SilkS *.Mask B.Cu Dwgs.User Eco1.User Eco2.User)
      (net 48 "Net-(U2-Pad13)"))
    (pad 14 smd rect (at -1.778 -4.572 90) (size 0.23 1) (layers *.Adhes *.Paste *.SilkS *.Mask B.Cu Dwgs.User Eco1.User Eco2.User)
      (net 21 /NSS))
    (pad 16 smd rect (at -0.762 -4.572 90) (size 0.23 1) (layers *.Adhes *.Paste *.SilkS *.Mask B.Cu Dwgs.User Eco1.User Eco2.User)
      (net 29 /MISO))
    (pad 17 smd rect (at -0.254 -4.572 90) (size 0.23 1) (layers *.Adhes *.Paste *.SilkS *.Mask B.Cu Dwgs.User Eco1.User Eco2.User)
      (net 30 /MOSI))
    (pad 18 smd rect (at 0.254 -4.572 90) (size 0.23 1) (layers *.Adhes *.Paste *.SilkS *.Mask B.Cu Dwgs.User Eco1.User Eco2.User)
      (net 18 /Energy))
    (pad 19 smd rect (at 0.762 -4.572 90) (size 0.23 1) (layers *.Adhes *.Paste *.SilkS *.Mask B.Cu Dwgs.User Eco1.User Eco2.User)
      (net 35 /Touch_1))
    (pad 20 smd rect (at 1.27 -4.572 90) (size 0.23 1) (layers *.Adhes *.Paste *.SilkS *.Mask B.Cu Dwgs.User Eco1.User Eco2.User)
      (net 3 /GND))
    (pad 21 smd rect (at 1.778 -4.572 90) (size 0.23 1) (layers *.Adhes *.Paste *.SilkS *.Mask B.Cu Dwgs.User Eco1.User Eco2.User)
      (net 17 /Opto_IN))
    (pad 22 smd rect (at 2.286 -4.572 90) (size 0.23 1) (layers *.Adhes *.Paste *.SilkS *.Mask B.Cu Dwgs.User Eco1.User Eco2.User)
      (net 49 "Net-(U2-Pad22)"))
    (pad 23 smd rect (at 2.794 -4.572 90) (size 0.23 1) (layers *.Adhes *.Paste *.SilkS *.Mask B.Cu Dwgs.User Eco1.User Eco2.User)
      (net 3 /GND))
    (pad 24 smd rect (at 3.302 -4.572 90) (size 0.23 1) (layers *.Adhes *.Paste *.SilkS *.Mask B.Cu Dwgs.User Eco1.User Eco2.User)
      (net 4 /VCC3V3))
    (pad 26 smd rect (at 4.572 -2.794 90) (size 1 0.23) (layers *.Adhes *.Paste *.SilkS *.Mask B.Cu Dwgs.User Eco1.User Eco2.User)
      (net 24 "Net-(U2-Pad26)"))
    (pad 27 smd rect (at 4.572 -2.286 90) (size 1 0.23) (layers *.Adhes *.Paste *.SilkS *.Mask B.Cu Dwgs.User Eco1.User Eco2.User)
      (net 25 "Net-(U2-Pad27)"))
    (pad 28 smd rect (at 4.572 -1.778 90) (size 1 0.23) (layers *.Adhes *.Paste *.SilkS *.Mask B.Cu Dwgs.User Eco1.User Eco2.User)
      (net 26 "Net-(U2-Pad28)"))
    (pad 29 smd rect (at 4.572 -1.27 90) (size 1 0.23) (layers *.Adhes *.Paste *.SilkS *.Mask B.Cu Dwgs.User Eco1.User Eco2.User)
      (net 16 /DSW_1))
    (pad 30 smd rect (at 4.572 -0.762 90) (size 1 0.23) (layers *.Adhes *.Paste *.SilkS *.Mask B.Cu Dwgs.User Eco1.User Eco2.User)
      (net 13 /TX0))
    (pad 31 smd rect (at 4.572 -0.254 90) (size 1 0.23) (layers *.Adhes *.Paste *.SilkS *.Mask B.Cu Dwgs.User Eco1.User Eco2.User)
      (net 12 /RX0))
    (pad 32 smd rect (at 4.572 0.254 90) (size 1 0.23) (layers *.Adhes *.Paste *.SilkS *.Mask B.Cu Dwgs.User Eco1.User Eco2.User)
      (net 27 "Net-(U2-Pad32)"))
    (pad 33 smd rect (at 4.572 0.762 90) (size 1 0.23) (layers *.Adhes *.Paste *.SilkS *.Mask B.Cu Dwgs.User Eco1.User Eco2.User)
      (net 19 "Net-(R3-Pad2)"))
    (pad 34 smd rect (at 4.572 1.27 90) (size 1 0.23) (layers *.Adhes *.Paste *.SilkS *.Mask B.Cu Dwgs.User Eco1.User Eco2.User)
      (net 14 /SWIO))
    (pad 35 smd rect (at 4.572 1.778 90) (size 1 0.23) (layers *.Adhes *.Paste *.SilkS *.Mask B.Cu Dwgs.User Eco1.User Eco2.User)
      (net 3 /GND))
    (pad 36 smd rect (at 4.572 2.286 90) (size 1 0.23) (layers *.Adhes *.Paste *.SilkS *.Mask B.Cu Dwgs.User Eco1.User Eco2.User)
      (net 4 /VCC3V3))
    (pad 37 smd rect (at 3.302 3.556 90) (size 0.23 1) (layers *.Adhes *.Paste *.SilkS *.Mask B.Cu Dwgs.User Eco1.User Eco2.User)
      (net 15 /SWCLK))
    (pad 39 smd rect (at 2.286 3.556 90) (size 0.23 1) (layers *.Adhes *.Paste *.SilkS *.Mask B.Cu Dwgs.User Eco1.User Eco2.User)
      (net 50 "Net-(U2-Pad39)"))
    (pad 40 smd rect (at 1.778 3.556 90) (size 0.23 1) (layers *.Adhes *.Paste *.SilkS *.Mask B.Cu Dwgs.User Eco1.User Eco2.User)
      (net 51 "Net-(U2-Pad40)"))
    (pad 41 smd rect (at 1.27 3.556 90) (size 0.23 1) (layers *.Adhes *.Paste *.SilkS *.Mask B.Cu Dwgs.User Eco1.User Eco2.User)
      (net 52 "Net-(U2-Pad41)"))
    (pad 42 smd rect (at 0.762 3.556 90) (size 0.23 1) (layers *.Adhes *.Paste *.SilkS *.Mask B.Cu Dwgs.User Eco1.User Eco2.User)
      (net 31 "Net-(U2-Pad42)"))
    (pad 43 smd rect (at 0.254 3.556 90) (size 0.23 1) (layers *.Adhes *.Paste *.SilkS *.Mask B.Cu Dwgs.User Eco1.User Eco2.User)
      (net 32 "Net-(U2-Pad43)"))
    (pad 44 smd rect (at -0.254 3.556 90) (size 0.23 1) (layers *.Adhes *.Paste *.SilkS *.Mask B.Cu Dwgs.User Eco1.User Eco2.User)
      (net 3 /GND))
    (pad 45 smd rect (at -0.762 3.556 90) (size 0.23 1) (layers *.Adhes *.Paste *.SilkS *.Mask B.Cu Dwgs.User Eco1.User Eco2.User)
      (net 33 "Net-(U2-Pad45)"))
    (pad 46 smd rect (at -1.27 3.556 90) (size 0.23 1) (layers *.Adhes *.Paste *.SilkS *.Mask B.Cu Dwgs.User Eco1.User Eco2.User)
      (net 34 "Net-(U2-Pad46)"))
    (pad 47 smd rect (at -1.778 3.556 90) (size 0.23 1) (layers *.Adhes *.Paste *.SilkS *.Mask B.Cu Dwgs.User Eco1.User Eco2.User)
      (net 3 /GND))
    (pad 48 smd rect (at -2.286 3.556 90) (size 0.23 1) (layers *.Adhes *.Paste *.SilkS *.Mask B.Cu Dwgs.User Eco1.User Eco2.User)
      (net 4 /VCC3V3))
    (pad 25 smd rect (at 4.572 -3.302 90) (size 1 0.23) (layers *.Adhes *.Paste *.SilkS *.Mask B.Cu Dwgs.User Eco1.User Eco2.User)
      (net 53 "Net-(U2-Pad25)"))
    (pad 15 smd rect (at -1.27 -4.572 90) (size 0.23 1) (layers *.Adhes *.Paste *.SilkS *.Mask B.Cu Dwgs.User Eco1.User Eco2.User)
      (net 28 /SCK))
  )

  (module Resistors_SMD:R_0805 (layer F.Cu) (tedit 58E0A804) (tstamp 5F4B90AD)
    (at 118.199 87.5665 180)
    (descr "Resistor SMD 0805, reflow soldering, Vishay (see dcrcw.pdf)")
    (tags "resistor 0805")
    (path /5F4C861D)
    (attr smd)
    (fp_text reference R4 (at -2.42316 -0.14986 180) (layer F.SilkS)
      (effects (font (size 1 1) (thickness 0.15)))
    )
    (fp_text value "510 R" (at 0 1.75 180) (layer F.Fab) hide
      (effects (font (size 1 1) (thickness 0.15)))
    )
    (fp_line (start 1.55 0.9) (end -1.55 0.9) (layer F.CrtYd) (width 0.05))
    (fp_line (start 1.55 0.9) (end 1.55 -0.9) (layer F.CrtYd) (width 0.05))
    (fp_line (start -1.55 -0.9) (end -1.55 0.9) (layer F.CrtYd) (width 0.05))
    (fp_line (start -1.55 -0.9) (end 1.55 -0.9) (layer F.CrtYd) (width 0.05))
    (fp_line (start -0.6 -0.88) (end 0.6 -0.88) (layer F.SilkS) (width 0.12))
    (fp_line (start 0.6 0.88) (end -0.6 0.88) (layer F.SilkS) (width 0.12))
    (fp_line (start -1 -0.62) (end 1 -0.62) (layer F.Fab) (width 0.1))
    (fp_line (start 1 -0.62) (end 1 0.62) (layer F.Fab) (width 0.1))
    (fp_line (start 1 0.62) (end -1 0.62) (layer F.Fab) (width 0.1))
    (fp_line (start -1 0.62) (end -1 -0.62) (layer F.Fab) (width 0.1))
    (fp_text user %R (at 0 0 180) (layer F.Fab) hide
      (effects (font (size 0.5 0.5) (thickness 0.075)))
    )
    (pad 1 smd rect (at -0.95 0 180) (size 0.7 1.3) (layers F.Cu F.Paste F.Mask)
      (net 43 "Net-(D3-Pad2)"))
    (pad 2 smd rect (at 0.95 0 180) (size 0.7 1.3) (layers F.Cu F.Paste F.Mask)
      (net 16 /DSW_1))
    (model ${KISYS3DMOD}/Resistors_SMD.3dshapes/R_0805.wrl
      (at (xyz 0 0 0))
      (scale (xyz 1 1 1))
      (rotate (xyz 0 0 0))
    )
  )

  (module Diodes_SMD:D_0805 (layer F.Cu) (tedit 590CE9A4) (tstamp 5F4B8FD7)
    (at 118.14048 91.17838)
    (descr "Diode SMD in 0805 package http://datasheets.avx.com/schottky.pdf")
    (tags "smd diode")
    (path /5F4C8627)
    (attr smd)
    (fp_text reference D3 (at -2.70764 -0.10414) (layer F.SilkS)
      (effects (font (size 1 1) (thickness 0.15)))
    )
    (fp_text value LED (at 0 1.7) (layer F.Fab) hide
      (effects (font (size 1 1) (thickness 0.15)))
    )
    (fp_line (start -1.6 -0.8) (end 1 -0.8) (layer F.SilkS) (width 0.12))
    (fp_line (start -1.6 0.8) (end 1 0.8) (layer F.SilkS) (width 0.12))
    (fp_line (start -1 -0.65) (end 1 -0.65) (layer F.Fab) (width 0.1))
    (fp_line (start 1 -0.65) (end 1 0.65) (layer F.Fab) (width 0.1))
    (fp_line (start 1 0.65) (end -1 0.65) (layer F.Fab) (width 0.1))
    (fp_line (start -1 0.65) (end -1 -0.65) (layer F.Fab) (width 0.1))
    (fp_line (start 0.2 -0.2) (end -0.1 0) (layer F.Fab) (width 0.1))
    (fp_line (start -0.1 0) (end 0.2 0.2) (layer F.Fab) (width 0.1))
    (fp_line (start 0.2 0.2) (end 0.2 -0.2) (layer F.Fab) (width 0.1))
    (fp_line (start -0.1 -0.2) (end -0.1 0.2) (layer F.Fab) (width 0.1))
    (fp_line (start -0.1 0) (end -0.3 0) (layer F.Fab) (width 0.1))
    (fp_line (start 0.2 0) (end 0.4 0) (layer F.Fab) (width 0.1))
    (fp_line (start -1.7 -0.88) (end 1.7 -0.88) (layer F.CrtYd) (width 0.05))
    (fp_line (start 1.7 -0.88) (end 1.7 0.88) (layer F.CrtYd) (width 0.05))
    (fp_line (start 1.7 0.88) (end -1.7 0.88) (layer F.CrtYd) (width 0.05))
    (fp_line (start -1.7 0.88) (end -1.7 -0.88) (layer F.CrtYd) (width 0.05))
    (fp_line (start -1.6 -0.8) (end -1.6 0.8) (layer F.SilkS) (width 0.12))
    (fp_text user %R (at 0 -1.6) (layer F.Fab) hide
      (effects (font (size 1 1) (thickness 0.15)))
    )
    (pad 1 smd rect (at -1.05 0) (size 0.8 0.9) (layers F.Cu F.Paste F.Mask)
      (net 3 /GND))
    (pad 2 smd rect (at 1.05 0) (size 0.8 0.9) (layers F.Cu F.Paste F.Mask)
      (net 43 "Net-(D3-Pad2)"))
    (model ${KISYS3DMOD}/Diodes_SMD.3dshapes/D_0805.wrl
      (at (xyz 0 0 0))
      (scale (xyz 1 1 1))
      (rotate (xyz 0 0 0))
    )
  )

  (module Custom_Libraries:Anntenna (layer F.Cu) (tedit 5F48888E) (tstamp 5F4877FC)
    (at 97.2871 117.704)
    (descr "module 1 pin (ou trou mecanique de percage)")
    (tags DEV)
    (path /5F2C5F88)
    (fp_text reference AE1 (at 0.20066 -1.82372) (layer F.SilkS)
      (effects (font (size 1 1) (thickness 0.15)))
    )
    (fp_text value Antenna (at 0.24892 3.74904) (layer F.Fab) hide
      (effects (font (size 1 1) (thickness 0.15)))
    )
    (fp_line (start -0.8 -0.8) (end 0.8 -0.8) (layer F.SilkS) (width 0.15))
    (fp_line (start 0.8 -0.8) (end 0.8 0.8) (layer F.SilkS) (width 0.15))
    (fp_line (start 0.8 0.8) (end -0.8 0.8) (layer F.SilkS) (width 0.15))
    (fp_line (start -0.8 0.8) (end -0.8 -0.8) (layer F.SilkS) (width 0.15))
    (pad 1 thru_hole rect (at 0 0) (size 1.524 1.524) (drill 0.762) (layers *.Cu *.Mask)
      (net 1 "Net-(AE1-Pad1)"))
  )

  (module Custom_Libraries:Touch_Pad (layer F.Cu) (tedit 5F487CA3) (tstamp 5F4882A7)
    (at 118.029 97.3734)
    (path /5F141EB5)
    (fp_text reference T1 (at 0.5 3.1) (layer F.SilkS)
      (effects (font (size 1 1) (thickness 0.15)))
    )
    (fp_text value Touch_Pad (at 0 -0.5) (layer F.Fab)
      (effects (font (size 1 1) (thickness 0.15)))
    )
    (pad 1 smd circle (at 0 0) (size 10 10) (layers F.Cu F.Paste F.Mask)
      (net 40 "Net-(T1-Pad1)"))
  )

  (module Capacitors_SMD:C_0805 (layer B.Cu) (tedit 58AA8463) (tstamp 5F48780D)
    (at 128.588 81.087 180)
    (descr "Capacitor SMD 0805, reflow soldering, AVX (see smccp.pdf)")
    (tags "capacitor 0805")
    (path /5F152167)
    (attr smd)
    (fp_text reference C1 (at 2.64668 0.0127) (layer B.SilkS)
      (effects (font (size 1 1) (thickness 0.15)) (justify mirror))
    )
    (fp_text value "100 nf" (at 0 -1.75) (layer B.Fab) hide
      (effects (font (size 1 1) (thickness 0.15)) (justify mirror))
    )
    (fp_line (start 1.75 -0.87) (end -1.75 -0.87) (layer B.CrtYd) (width 0.05))
    (fp_line (start 1.75 -0.87) (end 1.75 0.88) (layer B.CrtYd) (width 0.05))
    (fp_line (start -1.75 0.88) (end -1.75 -0.87) (layer B.CrtYd) (width 0.05))
    (fp_line (start -1.75 0.88) (end 1.75 0.88) (layer B.CrtYd) (width 0.05))
    (fp_line (start -0.5 -0.85) (end 0.5 -0.85) (layer B.SilkS) (width 0.12))
    (fp_line (start 0.5 0.85) (end -0.5 0.85) (layer B.SilkS) (width 0.12))
    (fp_line (start -1 0.62) (end 1 0.62) (layer B.Fab) (width 0.1))
    (fp_line (start 1 0.62) (end 1 -0.62) (layer B.Fab) (width 0.1))
    (fp_line (start 1 -0.62) (end -1 -0.62) (layer B.Fab) (width 0.1))
    (fp_line (start -1 -0.62) (end -1 0.62) (layer B.Fab) (width 0.1))
    (fp_text user %R (at 0 1.5) (layer B.Fab) hide
      (effects (font (size 1 1) (thickness 0.15)) (justify mirror))
    )
    (pad 2 smd rect (at 1 0 180) (size 1 1.25) (layers B.Cu B.Paste B.Mask)
      (net 2 /5V))
    (pad 1 smd rect (at -1 0 180) (size 1 1.25) (layers B.Cu B.Paste B.Mask)
      (net 3 /GND))
    (model Capacitors_SMD.3dshapes/C_0805.wrl
      (at (xyz 0 0 0))
      (scale (xyz 1 1 1))
      (rotate (xyz 0 0 0))
    )
  )

  (module Capacitors_SMD:C_0805 (layer B.Cu) (tedit 58AA8463) (tstamp 5F48781E)
    (at 129.347 85.7504 180)
    (descr "Capacitor SMD 0805, reflow soldering, AVX (see smccp.pdf)")
    (tags "capacitor 0805")
    (path /5F14D815)
    (attr smd)
    (fp_text reference C2 (at -2.72212 0.27178) (layer B.SilkS)
      (effects (font (size 1 1) (thickness 0.15)) (justify mirror))
    )
    (fp_text value "100 nf" (at 0 -1.75 180) (layer B.Fab) hide
      (effects (font (size 1 1) (thickness 0.15)) (justify mirror))
    )
    (fp_line (start -1 -0.62) (end -1 0.62) (layer B.Fab) (width 0.1))
    (fp_line (start 1 -0.62) (end -1 -0.62) (layer B.Fab) (width 0.1))
    (fp_line (start 1 0.62) (end 1 -0.62) (layer B.Fab) (width 0.1))
    (fp_line (start -1 0.62) (end 1 0.62) (layer B.Fab) (width 0.1))
    (fp_line (start 0.5 0.85) (end -0.5 0.85) (layer B.SilkS) (width 0.12))
    (fp_line (start -0.5 -0.85) (end 0.5 -0.85) (layer B.SilkS) (width 0.12))
    (fp_line (start -1.75 0.88) (end 1.75 0.88) (layer B.CrtYd) (width 0.05))
    (fp_line (start -1.75 0.88) (end -1.75 -0.87) (layer B.CrtYd) (width 0.05))
    (fp_line (start 1.75 -0.87) (end 1.75 0.88) (layer B.CrtYd) (width 0.05))
    (fp_line (start 1.75 -0.87) (end -1.75 -0.87) (layer B.CrtYd) (width 0.05))
    (fp_text user %R (at 0 1.5 180) (layer B.Fab) hide
      (effects (font (size 1 1) (thickness 0.15)) (justify mirror))
    )
    (pad 1 smd rect (at -1 0 180) (size 1 1.25) (layers B.Cu B.Paste B.Mask)
      (net 3 /GND))
    (pad 2 smd rect (at 1 0 180) (size 1 1.25) (layers B.Cu B.Paste B.Mask)
      (net 4 /VCC3V3))
    (model Capacitors_SMD.3dshapes/C_0805.wrl
      (at (xyz 0 0 0))
      (scale (xyz 1 1 1))
      (rotate (xyz 0 0 0))
    )
  )

  (module Capacitors_SMD:C_0805 (layer B.Cu) (tedit 58AA8463) (tstamp 5F48782F)
    (at 138.613 87.1144 270)
    (descr "Capacitor SMD 0805, reflow soldering, AVX (see smccp.pdf)")
    (tags "capacitor 0805")
    (path /5F129E71)
    (attr smd)
    (fp_text reference C3 (at 2.22504 0.21336 180) (layer B.SilkS)
      (effects (font (size 1 1) (thickness 0.15)) (justify mirror))
    )
    (fp_text value 1.0uf (at 0 -1.75 270) (layer B.Fab) hide
      (effects (font (size 1 1) (thickness 0.15)) (justify mirror))
    )
    (fp_line (start 1.75 -0.87) (end -1.75 -0.87) (layer B.CrtYd) (width 0.05))
    (fp_line (start 1.75 -0.87) (end 1.75 0.88) (layer B.CrtYd) (width 0.05))
    (fp_line (start -1.75 0.88) (end -1.75 -0.87) (layer B.CrtYd) (width 0.05))
    (fp_line (start -1.75 0.88) (end 1.75 0.88) (layer B.CrtYd) (width 0.05))
    (fp_line (start -0.5 -0.85) (end 0.5 -0.85) (layer B.SilkS) (width 0.12))
    (fp_line (start 0.5 0.85) (end -0.5 0.85) (layer B.SilkS) (width 0.12))
    (fp_line (start -1 0.62) (end 1 0.62) (layer B.Fab) (width 0.1))
    (fp_line (start 1 0.62) (end 1 -0.62) (layer B.Fab) (width 0.1))
    (fp_line (start 1 -0.62) (end -1 -0.62) (layer B.Fab) (width 0.1))
    (fp_line (start -1 -0.62) (end -1 0.62) (layer B.Fab) (width 0.1))
    (fp_text user %R (at 0 1.5 270) (layer B.Fab) hide
      (effects (font (size 1 1) (thickness 0.15)) (justify mirror))
    )
    (pad 2 smd rect (at 1 0 270) (size 1 1.25) (layers B.Cu B.Paste B.Mask)
      (net 5 /RESET))
    (pad 1 smd rect (at -1 0 270) (size 1 1.25) (layers B.Cu B.Paste B.Mask)
      (net 3 /GND))
    (model Capacitors_SMD.3dshapes/C_0805.wrl
      (at (xyz 0 0 0))
      (scale (xyz 1 1 1))
      (rotate (xyz 0 0 0))
    )
  )

  (module Capacitors_SMD:C_0805 (layer B.Cu) (tedit 58AA8463) (tstamp 5F487840)
    (at 124.153 113.741 90)
    (descr "Capacitor SMD 0805, reflow soldering, AVX (see smccp.pdf)")
    (tags "capacitor 0805")
    (path /5F0E9AA7)
    (attr smd)
    (fp_text reference C4 (at 2.41808 0.08128 180) (layer B.SilkS)
      (effects (font (size 1 1) (thickness 0.15)) (justify mirror))
    )
    (fp_text value 10pf (at 0 -1.75 270) (layer B.Fab) hide
      (effects (font (size 1 1) (thickness 0.15)) (justify mirror))
    )
    (fp_line (start -1 -0.62) (end -1 0.62) (layer B.Fab) (width 0.1))
    (fp_line (start 1 -0.62) (end -1 -0.62) (layer B.Fab) (width 0.1))
    (fp_line (start 1 0.62) (end 1 -0.62) (layer B.Fab) (width 0.1))
    (fp_line (start -1 0.62) (end 1 0.62) (layer B.Fab) (width 0.1))
    (fp_line (start 0.5 0.85) (end -0.5 0.85) (layer B.SilkS) (width 0.12))
    (fp_line (start -0.5 -0.85) (end 0.5 -0.85) (layer B.SilkS) (width 0.12))
    (fp_line (start -1.75 0.88) (end 1.75 0.88) (layer B.CrtYd) (width 0.05))
    (fp_line (start -1.75 0.88) (end -1.75 -0.87) (layer B.CrtYd) (width 0.05))
    (fp_line (start 1.75 -0.87) (end 1.75 0.88) (layer B.CrtYd) (width 0.05))
    (fp_line (start 1.75 -0.87) (end -1.75 -0.87) (layer B.CrtYd) (width 0.05))
    (fp_text user %R (at 0 1.5 270) (layer B.Fab) hide
      (effects (font (size 1 1) (thickness 0.15)) (justify mirror))
    )
    (pad 1 smd rect (at -1 0 90) (size 1 1.25) (layers B.Cu B.Paste B.Mask)
      (net 6 /PC14))
    (pad 2 smd rect (at 1 0 90) (size 1 1.25) (layers B.Cu B.Paste B.Mask)
      (net 3 /GND))
    (model Capacitors_SMD.3dshapes/C_0805.wrl
      (at (xyz 0 0 0))
      (scale (xyz 1 1 1))
      (rotate (xyz 0 0 0))
    )
  )

  (module Capacitors_SMD:C_0805 (layer B.Cu) (tedit 58AA8463) (tstamp 5F487851)
    (at 119.266 111.699 270)
    (descr "Capacitor SMD 0805, reflow soldering, AVX (see smccp.pdf)")
    (tags "capacitor 0805")
    (path /5F0E94E8)
    (attr smd)
    (fp_text reference C5 (at 2.3622 0.1143 180) (layer B.SilkS)
      (effects (font (size 1 1) (thickness 0.15)) (justify mirror))
    )
    (fp_text value 10pf (at 0 -1.75 270) (layer B.Fab) hide
      (effects (font (size 1 1) (thickness 0.15)) (justify mirror))
    )
    (fp_line (start -1 -0.62) (end -1 0.62) (layer B.Fab) (width 0.1))
    (fp_line (start 1 -0.62) (end -1 -0.62) (layer B.Fab) (width 0.1))
    (fp_line (start 1 0.62) (end 1 -0.62) (layer B.Fab) (width 0.1))
    (fp_line (start -1 0.62) (end 1 0.62) (layer B.Fab) (width 0.1))
    (fp_line (start 0.5 0.85) (end -0.5 0.85) (layer B.SilkS) (width 0.12))
    (fp_line (start -0.5 -0.85) (end 0.5 -0.85) (layer B.SilkS) (width 0.12))
    (fp_line (start -1.75 0.88) (end 1.75 0.88) (layer B.CrtYd) (width 0.05))
    (fp_line (start -1.75 0.88) (end -1.75 -0.87) (layer B.CrtYd) (width 0.05))
    (fp_line (start 1.75 -0.87) (end 1.75 0.88) (layer B.CrtYd) (width 0.05))
    (fp_line (start 1.75 -0.87) (end -1.75 -0.87) (layer B.CrtYd) (width 0.05))
    (fp_text user %R (at 0 1.5 270) (layer B.Fab) hide
      (effects (font (size 1 1) (thickness 0.15)) (justify mirror))
    )
    (pad 1 smd rect (at -1 0 270) (size 1 1.25) (layers B.Cu B.Paste B.Mask)
      (net 7 /PC15))
    (pad 2 smd rect (at 1 0 270) (size 1 1.25) (layers B.Cu B.Paste B.Mask)
      (net 3 /GND))
    (model Capacitors_SMD.3dshapes/C_0805.wrl
      (at (xyz 0 0 0))
      (scale (xyz 1 1 1))
      (rotate (xyz 0 0 0))
    )
  )

  (module Capacitors_SMD:C_0805 (layer B.Cu) (tedit 58AA8463) (tstamp 5F487862)
    (at 125.611 107.904 270)
    (descr "Capacitor SMD 0805, reflow soldering, AVX (see smccp.pdf)")
    (tags "capacitor 0805")
    (path /5F0E49DE)
    (attr smd)
    (fp_text reference C6 (at -3.0353 -0.27178 90) (layer B.SilkS)
      (effects (font (size 1 1) (thickness 0.15)) (justify mirror))
    )
    (fp_text value 20pf (at 0 -1.75 90) (layer B.Fab) hide
      (effects (font (size 1 1) (thickness 0.15)) (justify mirror))
    )
    (fp_line (start -1 -0.62) (end -1 0.62) (layer B.Fab) (width 0.1))
    (fp_line (start 1 -0.62) (end -1 -0.62) (layer B.Fab) (width 0.1))
    (fp_line (start 1 0.62) (end 1 -0.62) (layer B.Fab) (width 0.1))
    (fp_line (start -1 0.62) (end 1 0.62) (layer B.Fab) (width 0.1))
    (fp_line (start 0.5 0.85) (end -0.5 0.85) (layer B.SilkS) (width 0.12))
    (fp_line (start -0.5 -0.85) (end 0.5 -0.85) (layer B.SilkS) (width 0.12))
    (fp_line (start -1.75 0.88) (end 1.75 0.88) (layer B.CrtYd) (width 0.05))
    (fp_line (start -1.75 0.88) (end -1.75 -0.87) (layer B.CrtYd) (width 0.05))
    (fp_line (start 1.75 -0.87) (end 1.75 0.88) (layer B.CrtYd) (width 0.05))
    (fp_line (start 1.75 -0.87) (end -1.75 -0.87) (layer B.CrtYd) (width 0.05))
    (fp_text user %R (at 0 1.5 90) (layer B.Fab) hide
      (effects (font (size 1 1) (thickness 0.15)) (justify mirror))
    )
    (pad 1 smd rect (at -1 0 270) (size 1 1.25) (layers B.Cu B.Paste B.Mask)
      (net 8 /OSCIN))
    (pad 2 smd rect (at 1 0 270) (size 1 1.25) (layers B.Cu B.Paste B.Mask)
      (net 3 /GND))
    (model Capacitors_SMD.3dshapes/C_0805.wrl
      (at (xyz 0 0 0))
      (scale (xyz 1 1 1))
      (rotate (xyz 0 0 0))
    )
  )

  (module Capacitors_SMD:C_0805 (layer B.Cu) (tedit 58AA8463) (tstamp 5F487873)
    (at 121.176 107.564 270)
    (descr "Capacitor SMD 0805, reflow soldering, AVX (see smccp.pdf)")
    (tags "capacitor 0805")
    (path /5F0E6674)
    (attr smd)
    (fp_text reference C7 (at -2.79654 0.18542 90) (layer B.SilkS)
      (effects (font (size 1 1) (thickness 0.15)) (justify mirror))
    )
    (fp_text value 20pf (at 0 -1.75 90) (layer B.Fab) hide
      (effects (font (size 1 1) (thickness 0.15)) (justify mirror))
    )
    (fp_line (start 1.75 -0.87) (end -1.75 -0.87) (layer B.CrtYd) (width 0.05))
    (fp_line (start 1.75 -0.87) (end 1.75 0.88) (layer B.CrtYd) (width 0.05))
    (fp_line (start -1.75 0.88) (end -1.75 -0.87) (layer B.CrtYd) (width 0.05))
    (fp_line (start -1.75 0.88) (end 1.75 0.88) (layer B.CrtYd) (width 0.05))
    (fp_line (start -0.5 -0.85) (end 0.5 -0.85) (layer B.SilkS) (width 0.12))
    (fp_line (start 0.5 0.85) (end -0.5 0.85) (layer B.SilkS) (width 0.12))
    (fp_line (start -1 0.62) (end 1 0.62) (layer B.Fab) (width 0.1))
    (fp_line (start 1 0.62) (end 1 -0.62) (layer B.Fab) (width 0.1))
    (fp_line (start 1 -0.62) (end -1 -0.62) (layer B.Fab) (width 0.1))
    (fp_line (start -1 -0.62) (end -1 0.62) (layer B.Fab) (width 0.1))
    (fp_text user %R (at 0 1.5 90) (layer B.Fab) hide
      (effects (font (size 1 1) (thickness 0.15)) (justify mirror))
    )
    (pad 2 smd rect (at 1 0 270) (size 1 1.25) (layers B.Cu B.Paste B.Mask)
      (net 3 /GND))
    (pad 1 smd rect (at -1 0 270) (size 1 1.25) (layers B.Cu B.Paste B.Mask)
      (net 9 /OSCOUT))
    (model Capacitors_SMD.3dshapes/C_0805.wrl
      (at (xyz 0 0 0))
      (scale (xyz 1 1 1))
      (rotate (xyz 0 0 0))
    )
  )

  (module Capacitors_SMD:C_0805 (layer B.Cu) (tedit 58AA8463) (tstamp 5F487884)
    (at 134.29 84.6811 270)
    (descr "Capacitor SMD 0805, reflow soldering, AVX (see smccp.pdf)")
    (tags "capacitor 0805")
    (path /5F15F0AC)
    (attr smd)
    (fp_text reference C8 (at -2.34696 0.19304 180) (layer B.SilkS)
      (effects (font (size 1 1) (thickness 0.15)) (justify mirror))
    )
    (fp_text value "100 nf" (at 0 -1.75 270) (layer B.Fab) hide
      (effects (font (size 1 1) (thickness 0.15)) (justify mirror))
    )
    (fp_line (start -1 -0.62) (end -1 0.62) (layer B.Fab) (width 0.1))
    (fp_line (start 1 -0.62) (end -1 -0.62) (layer B.Fab) (width 0.1))
    (fp_line (start 1 0.62) (end 1 -0.62) (layer B.Fab) (width 0.1))
    (fp_line (start -1 0.62) (end 1 0.62) (layer B.Fab) (width 0.1))
    (fp_line (start 0.5 0.85) (end -0.5 0.85) (layer B.SilkS) (width 0.12))
    (fp_line (start -0.5 -0.85) (end 0.5 -0.85) (layer B.SilkS) (width 0.12))
    (fp_line (start -1.75 0.88) (end 1.75 0.88) (layer B.CrtYd) (width 0.05))
    (fp_line (start -1.75 0.88) (end -1.75 -0.87) (layer B.CrtYd) (width 0.05))
    (fp_line (start 1.75 -0.87) (end 1.75 0.88) (layer B.CrtYd) (width 0.05))
    (fp_line (start 1.75 -0.87) (end -1.75 -0.87) (layer B.CrtYd) (width 0.05))
    (fp_text user %R (at 0 1.5 270) (layer B.Fab) hide
      (effects (font (size 1 1) (thickness 0.15)) (justify mirror))
    )
    (pad 1 smd rect (at -1 0 270) (size 1 1.25) (layers B.Cu B.Paste B.Mask)
      (net 3 /GND))
    (pad 2 smd rect (at 1 0 270) (size 1 1.25) (layers B.Cu B.Paste B.Mask)
      (net 4 /VCC3V3))
    (model Capacitors_SMD.3dshapes/C_0805.wrl
      (at (xyz 0 0 0))
      (scale (xyz 1 1 1))
      (rotate (xyz 0 0 0))
    )
  )

  (module Capacitors_SMD:C_0805 (layer B.Cu) (tedit 58AA8463) (tstamp 5F4878C8)
    (at 136.538 83.9437 270)
    (descr "Capacitor SMD 0805, reflow soldering, AVX (see smccp.pdf)")
    (tags "capacitor 0805")
    (path /5F160C6F)
    (attr smd)
    (fp_text reference C9 (at -0.96444 -1.89992 180) (layer B.SilkS)
      (effects (font (size 1 1) (thickness 0.15)) (justify mirror))
    )
    (fp_text value 10uf (at 0 -1.75 90) (layer B.Fab) hide
      (effects (font (size 1 1) (thickness 0.15)) (justify mirror))
    )
    (fp_line (start 1.75 -0.87) (end -1.75 -0.87) (layer B.CrtYd) (width 0.05))
    (fp_line (start 1.75 -0.87) (end 1.75 0.88) (layer B.CrtYd) (width 0.05))
    (fp_line (start -1.75 0.88) (end -1.75 -0.87) (layer B.CrtYd) (width 0.05))
    (fp_line (start -1.75 0.88) (end 1.75 0.88) (layer B.CrtYd) (width 0.05))
    (fp_line (start -0.5 -0.85) (end 0.5 -0.85) (layer B.SilkS) (width 0.12))
    (fp_line (start 0.5 0.85) (end -0.5 0.85) (layer B.SilkS) (width 0.12))
    (fp_line (start -1 0.62) (end 1 0.62) (layer B.Fab) (width 0.1))
    (fp_line (start 1 0.62) (end 1 -0.62) (layer B.Fab) (width 0.1))
    (fp_line (start 1 -0.62) (end -1 -0.62) (layer B.Fab) (width 0.1))
    (fp_line (start -1 -0.62) (end -1 0.62) (layer B.Fab) (width 0.1))
    (fp_text user %R (at 0 1.5 90) (layer B.Fab) hide
      (effects (font (size 1 1) (thickness 0.15)) (justify mirror))
    )
    (pad 2 smd rect (at 1 0 270) (size 1 1.25) (layers B.Cu B.Paste B.Mask)
      (net 4 /VCC3V3))
