(kicad_pcb (version 20171130) (host pcbnew 5.1.6-c6e7f7d~87~ubuntu18.04.1)

  (general
    (thickness 1.6)
    (drawings 41)
    (tracks 630)
    (zones 0)
    (modules 36)
    (nets 51)
  )

  (page A4)
  (layers
    (0 F.Cu signal)
    (31 B.Cu signal)
    (32 B.Adhes user)
    (33 F.Adhes user)
    (34 B.Paste user)
    (35 F.Paste user)
    (36 B.SilkS user)
    (37 F.SilkS user)
    (38 B.Mask user)
    (39 F.Mask user)
    (40 Dwgs.User user)
    (41 Cmts.User user)
    (42 Eco1.User user)
    (43 Eco2.User user)
    (44 Edge.Cuts user)
    (45 Margin user)
    (46 B.CrtYd user hide)
    (47 F.CrtYd user)
    (48 B.Fab user hide)
    (49 F.Fab user)
  )

  (setup
    (last_trace_width 0.2)
    (trace_clearance 0.15)
    (zone_clearance 0.508)
    (zone_45_only no)
    (trace_min 0.2)
    (via_size 0.7)
    (via_drill 0.4)
    (via_min_size 0.4)
    (via_min_drill 0.3)
    (uvia_size 0.3)
    (uvia_drill 0.1)
    (uvias_allowed no)
    (uvia_min_size 0.2)
    (uvia_min_drill 0.1)
    (edge_width 0.05)
    (segment_width 0.2)
    (pcb_text_width 0.3)
    (pcb_text_size 1.5 1.5)
    (mod_edge_width 0.12)
    (mod_text_size 1 1)
    (mod_text_width 0.15)
    (pad_size 0.4 0.4)
    (pad_drill 0)
    (pad_to_mask_clearance 0.05)
    (aux_axis_origin 0 0)
    (visible_elements FFFFFF7F)
    (pcbplotparams
      (layerselection 0x030ff_ffffffff)
      (usegerberextensions true)
      (usegerberattributes false)
      (usegerberadvancedattributes false)
      (creategerberjobfile true)
      (excludeedgelayer true)
      (linewidth 0.100000)
      (plotframeref false)
      (viasonmask false)
      (mode 1)
      (useauxorigin false)
      (hpglpennumber 1)
      (hpglpenspeed 20)
      (hpglpendiameter 15.000000)
      (psnegative false)
      (psa4output false)
      (plotreference true)
      (plotvalue true)
      (plotinvisibletext false)
      (padsonsilk false)
      (subtractmaskfromsilk false)
      (outputformat 1)
      (mirror false)
      (drillshape 0)
      (scaleselection 1)
      (outputdirectory "/home/sarbjeet/github/IoT/Designs/PCB/KiCad/Projects/SwitchBoard/DevelopmentBoard_Stm32wb55/stm32wb_Dev_v1/Gerber/"))
  )

  (net 0 "")
  (net 1 "Net-(AE1-Pad1)")
  (net 2 /GND)
  (net 3 /5V)
  (net 4 /OSC_OUT)
  (net 5 /OSC_IN)
  (net 6 /PC15)
  (net 7 /PC14)
  (net 8 "Net-(C7-Pad2)")
  (net 9 "Net-(C8-Pad1)")
  (net 10 "Net-(C9-Pad2)")
  (net 11 "Net-(C10-Pad1)")
  (net 12 "Net-(C14-Pad1)")
  (net 13 "Net-(C15-Pad1)")
  (net 14 "Net-(C19-Pad1)")
  (net 15 "Net-(IC1-Pad4)")
  (net 16 /PB8)
  (net 17 /PB9)
  (net 18 /NRST)
  (net 19 /PA0)
  (net 20 /PA1)
  (net 21 /PA2)
  (net 22 /PA3)
  (net 23 /PA4)
  (net 24 /PA5)
  (net 25 /PA6)
  (net 26 /PA7)
  (net 27 /PA8)
  (net 28 /UART_TX)
  (net 29 /PB2)
  (net 30 "Net-(IC1-Pad26)")
  (net 31 "Net-(IC1-Pad27)")
  (net 32 /PB0)
  (net 33 /PB1)
  (net 34 /PE4)
  (net 35 "Net-(IC1-Pad33)")
  (net 36 /UART_RX)
  (net 37 /PA11)
  (net 38 /PA12)
  (net 39 /SWDIO)
  (net 40 "Net-(IC1-Pad40)")
  (net 41 /SWCLK)
  (net 42 /PA15)
  (net 43 /PB3)
  (net 44 /PB4)
  (net 45 /PB5)
  (net 46 /PB6)
  (net 47 /PB7)
  (net 48 "Net-(L3-Pad2)")
  (net 49 "Net-(U1-Pad4)")
  (net 50 /3V3)

  (net_class Default "This is the default net class."
    (clearance 0.15)
    (trace_width 0.2)
    (via_dia 0.7)
    (via_drill 0.4)
    (uvia_dia 0.3)
    (uvia_drill 0.1)
    (add_net /3V3)
    (add_net /5V)
    (add_net /GND)
    (add_net /NRST)
    (add_net /OSC_IN)
    (add_net /OSC_OUT)
    (add_net /PA0)
    (add_net /PA1)
    (add_net /PA11)
    (add_net /PA12)
    (add_net /PA15)
    (add_net /PA2)
    (add_net /PA3)
    (add_net /PA4)
    (add_net /PA5)
    (add_net /PA6)
    (add_net /PA7)
    (add_net /PA8)
    (add_net /PB0)
    (add_net /PB1)
    (add_net /PB2)
    (add_net /PB3)
    (add_net /PB4)
    (add_net /PB5)
    (add_net /PB6)
    (add_net /PB7)
    (add_net /PB8)
    (add_net /PB9)
    (add_net /PC14)
    (add_net /PC15)
    (add_net /PE4)
    (add_net /SWCLK)
    (add_net /SWDIO)
    (add_net /UART_RX)
    (add_net /UART_TX)
    (add_net "Net-(C10-Pad1)")
    (add_net "Net-(C14-Pad1)")
    (add_net "Net-(C15-Pad1)")
    (add_net "Net-(C19-Pad1)")
    (add_net "Net-(C7-Pad2)")
    (add_net "Net-(C8-Pad1)")
    (add_net "Net-(C9-Pad2)")
    (add_net "Net-(IC1-Pad26)")
    (add_net "Net-(IC1-Pad27)")
    (add_net "Net-(IC1-Pad33)")
    (add_net "Net-(IC1-Pad4)")
    (add_net "Net-(IC1-Pad40)")
    (add_net "Net-(L3-Pad2)")
    (add_net "Net-(U1-Pad4)")
  )

  (net_class forAntenna ""
    (clearance 0.2)
    (trace_width 0.8)
    (via_dia 0.7)
    (via_drill 0.4)
    (uvia_dia 0.3)
    (uvia_drill 0.1)
    (add_net "Net-(AE1-Pad1)")
  )

  (module Custom_Libraries:FIL_LFB182G45CGFD436 (layer F.Cu) (tedit 5F37F6BF) (tstamp 5F2C19DC)
    (at 118.001 87.7481 270)
    (path /5F31ACDA)
    (fp_text reference FL1 (at 1.50368 0.01524 180) (layer F.SilkS)
      (effects (font (size 0.8 0.8) (thickness 0.1)))
    )
    (fp_text value LFB182G45CGFD436 (at 0.42 1.6 90) (layer F.Mask) hide
      (effects (font (size 0.64 0.64) (thickness 0.015)))
    )
    (fp_poly (pts (xy -0.2 -0.3) (xy 0.2 -0.3) (xy 0.2 0.3) (xy -0.2 0.3)) (layer F.Mask) (width 0.01))
    (fp_poly (pts (xy 0.43 -0.275) (xy 0.68 -0.275) (xy 0.68 0.275) (xy 0.43 0.275)) (layer F.Mask) (width 0.01))
    (fp_poly (pts (xy -0.68 -0.275) (xy -0.43 -0.275) (xy -0.43 0.275) (xy -0.68 0.275)) (layer F.Mask) (width 0.01))
    (fp_circle (center -1.35 0) (end -1.25 0) (layer F.Fab) (width 0.2))
    (fp_circle (center -1.35 0) (end -1.25 0) (layer F.SilkS) (width 0.2))
    (fp_line (start -1.05 0.65) (end -1.05 -0.65) (layer F.CrtYd) (width 0.05))
    (fp_line (start 1.05 0.65) (end -1.05 0.65) (layer F.CrtYd) (width 0.05))
    (fp_line (start 1.05 -0.65) (end 1.05 0.65) (layer F.CrtYd) (width 0.05))
    (fp_line (start -1.05 -0.65) (end 1.05 -0.65) (layer F.CrtYd) (width 0.05))
    (fp_line (start 0.8 -0.4) (end -0.8 -0.4) (layer F.Fab) (width 0.127))
    (fp_line (start 0.8 0.4) (end 0.8 -0.4) (layer F.Fab) (width 0.127))
    (fp_line (start -0.8 0.4) (end 0.8 0.4) (layer F.Fab) (width 0.127))
    (fp_line (start -0.8 -0.4) (end -0.8 0.4) (layer F.Fab) (width 0.127))
    (pad 2 smd rect (at 0 0 270) (size 0.4 0.6) (layers F.Cu F.Paste)
      (net 2 /GND))
    (pad 3 smd rect (at 0.555 0 270) (size 0.25 0.55) (layers F.Cu F.Paste)
      (net 10 "Net-(C9-Pad2)"))
    (pad 1 smd rect (at -0.555 0 270) (size 0.25 0.55) (layers F.Cu F.Paste)
      (net 12 "Net-(C14-Pad1)"))
  )

  (module Custom_Libraries:QFN50P700X700X65-49N-D (layer F.Cu) (tedit 5F37A644) (tstamp 5F2FF25A)
    (at 108.306 63.3476 270)
    (descr STM32WB55CEU6)
    (tags "Integrated Circuit")
    (path /5F2D9CF6)
    (attr smd)
    (fp_text reference IC1 (at 4.24 -4.84 270) (layer F.SilkS)
      (effects (font (size 0.8 0.8) (thickness 0.1)))
    )
    (fp_text value STM32WB55CEU6 (at 0.05 5.63 270) (layer F.SilkS) hide
      (effects (font (size 1 1) (thickness 0.15)))
    )
    (fp_circle (center -3.75 -3.72) (end -3.75 -3.595) (layer F.SilkS) (width 0.25))
    (fp_line (start -3.5 -3) (end -3 -3.5) (layer F.Fab) (width 0.1))
    (fp_line (start -3.5 3.5) (end -3.5 -3.5) (layer F.Fab) (width 0.1))
    (fp_line (start 3.5 3.5) (end -3.5 3.5) (layer F.Fab) (width 0.1))
    (fp_line (start 3.5 -3.5) (end 3.5 3.5) (layer F.Fab) (width 0.1))
    (fp_line (start -3.5 -3.5) (end 3.5 -3.5) (layer F.Fab) (width 0.1))
    (fp_line (start -4.125 4.125) (end -4.125 -4.125) (layer F.CrtYd) (width 0.05))
    (fp_line (start 4.125 4.125) (end -4.125 4.125) (layer F.CrtYd) (width 0.05))
    (fp_line (start 4.125 -4.125) (end 4.125 4.125) (layer F.CrtYd) (width 0.05))
    (fp_line (start -4.125 -4.125) (end 4.125 -4.125) (layer F.CrtYd) (width 0.05))
    (fp_text user %R (at 0 0 270) (layer F.Fab)
      (effects (font (size 1.27 1.27) (thickness 0.254)))
    )
    (pad 1 smd rect (at -3.45 -2.75) (size 0.3 0.85) (layers F.Cu F.Paste F.Mask)
      (net 50 /3V3))
    (pad 2 smd rect (at -3.45 -2.25) (size 0.3 0.85) (layers F.Cu F.Paste F.Mask)
      (net 7 /PC14))
    (pad 3 smd rect (at -3.45 -1.75) (size 0.3 0.85) (layers F.Cu F.Paste F.Mask)
      (net 6 /PC15))
    (pad 4 smd rect (at -3.45 -1.25) (size 0.3 0.85) (layers F.Cu F.Paste F.Mask)
      (net 15 "Net-(IC1-Pad4)"))
    (pad 5 smd rect (at -3.45 -0.75) (size 0.3 0.85) (layers F.Cu F.Paste F.Mask)
      (net 16 /PB8))
    (pad 6 smd rect (at -3.45 -0.25) (size 0.3 0.85) (layers F.Cu F.Paste F.Mask)
      (net 17 /PB9))
    (pad 7 smd rect (at -3.45 0.25) (size 0.3 0.85) (layers F.Cu F.Paste F.Mask)
      (net 18 /NRST))
    (pad 8 smd rect (at -3.45 0.75) (size 0.3 0.85) (layers F.Cu F.Paste F.Mask)
      (net 11 "Net-(C10-Pad1)"))
    (pad 9 smd rect (at -3.45 1.25) (size 0.3 0.85) (layers F.Cu F.Paste F.Mask)
      (net 19 /PA0))
    (pad 10 smd rect (at -3.45 1.75) (size 0.3 0.85) (layers F.Cu F.Paste F.Mask)
      (net 20 /PA1))
    (pad 11 smd rect (at -3.45 2.25) (size 0.3 0.85) (layers F.Cu F.Paste F.Mask)
      (net 21 /PA2))
    (pad 12 smd rect (at -3.45 2.75) (size 0.3 0.85) (layers F.Cu F.Paste F.Mask)
      (net 22 /PA3))
    (pad 13 smd rect (at -2.75 3.45 270) (size 0.3 0.85) (layers F.Cu F.Paste F.Mask)
      (net 23 /PA4))
    (pad 14 smd rect (at -2.25 3.45 270) (size 0.3 0.85) (layers F.Cu F.Paste F.Mask)
      (net 24 /PA5))
    (pad 15 smd rect (at -1.75 3.45 270) (size 0.3 0.85) (layers F.Cu F.Paste F.Mask)
      (net 25 /PA6))
    (pad 16 smd rect (at -1.25 3.45 270) (size 0.3 0.85) (layers F.Cu F.Paste F.Mask)
      (net 26 /PA7))
    (pad 17 smd rect (at -0.75 3.45 270) (size 0.3 0.85) (layers F.Cu F.Paste F.Mask)
      (net 27 /PA8))
    (pad 18 smd rect (at -0.25 3.45 270) (size 0.3 0.85) (layers F.Cu F.Paste F.Mask)
      (net 28 /UART_TX))
    (pad 19 smd rect (at 0.25 3.45 270) (size 0.3 0.85) (layers F.Cu F.Paste F.Mask)
      (net 29 /PB2))
    (pad 20 smd rect (at 0.75 3.45 270) (size 0.3 0.85) (layers F.Cu F.Paste F.Mask)
      (net 50 /3V3))
    (pad 21 smd rect (at 1.25 3.45 270) (size 0.3 0.85) (layers F.Cu F.Paste F.Mask)
      (net 13 "Net-(C15-Pad1)"))
    (pad 22 smd rect (at 1.75 3.45 270) (size 0.3 0.85) (layers F.Cu F.Paste F.Mask)
      (net 2 /GND))
    (pad 23 smd rect (at 2.25 3.45 270) (size 0.3 0.85) (layers F.Cu F.Paste F.Mask)
      (net 50 /3V3))
    (pad 24 smd rect (at 2.75 3.45 270) (size 0.3 0.85) (layers F.Cu F.Paste F.Mask)
      (net 4 /OSC_OUT))
    (pad 25 smd rect (at 3.45 2.75) (size 0.3 0.85) (layers F.Cu F.Paste F.Mask)
      (net 5 /OSC_IN))
    (pad 26 smd rect (at 3.45 2.25) (size 0.3 0.85) (layers F.Cu F.Paste F.Mask)
      (net 30 "Net-(IC1-Pad26)"))
    (pad 27 smd rect (at 3.45 1.75) (size 0.3 0.85) (layers F.Cu F.Paste F.Mask)
      (net 31 "Net-(IC1-Pad27)"))
    (pad 28 smd rect (at 3.45 1.25) (size 0.3 0.85) (layers F.Cu F.Paste F.Mask)
      (net 32 /PB0))
    (pad 29 smd rect (at 3.45 0.75) (size 0.3 0.85) (layers F.Cu F.Paste F.Mask)
      (net 33 /PB1))
    (pad 30 smd rect (at 3.45 0.25) (size 0.3 0.85) (layers F.Cu F.Paste F.Mask)
      (net 34 /PE4))
    (pad 31 smd rect (at 3.45 -0.25) (size 0.3 0.85) (layers F.Cu F.Paste F.Mask)
      (net 14 "Net-(C19-Pad1)"))
    (pad 32 smd rect (at 3.45 -0.75) (size 0.3 0.85) (layers F.Cu F.Paste F.Mask)
      (net 2 /GND))
    (pad 33 smd rect (at 3.45 -1.25) (size 0.3 0.85) (layers F.Cu F.Paste F.Mask)
      (net 35 "Net-(IC1-Pad33)"))
    (pad 34 smd rect (at 3.45 -1.75) (size 0.3 0.85) (layers F.Cu F.Paste F.Mask)
      (net 50 /3V3))
    (pad 35 smd rect (at 3.45 -2.25) (size 0.3 0.85) (layers F.Cu F.Paste F.Mask)
      (net 50 /3V3))
    (pad 36 smd rect (at 3.45 -2.75) (size 0.3 0.85) (layers F.Cu F.Paste F.Mask)
      (net 36 /UART_RX))
    (pad 37 smd rect (at 2.75 -3.45 270) (size 0.3 0.85) (layers F.Cu F.Paste F.Mask)
      (net 37 /PA11))
    (pad 38 smd rect (at 2.25 -3.45 270) (size 0.3 0.85) (layers F.Cu F.Paste F.Mask)
      (net 38 /PA12))
    (pad 39 smd rect (at 1.75 -3.45 270) (size 0.3 0.85) (layers F.Cu F.Paste F.Mask)
      (net 39 /SWDIO))
    (pad 40 smd rect (at 1.25 -3.45 270) (size 0.3 0.85) (layers F.Cu F.Paste F.Mask)
      (net 40 "Net-(IC1-Pad40)"))
    (pad 41 smd rect (at 0.75 -3.45 270) (size 0.3 0.85) (layers F.Cu F.Paste F.Mask)
      (net 41 /SWCLK))
    (pad 42 smd rect (at 0.25 -3.45 270) (size 0.3 0.85) (layers F.Cu F.Paste F.Mask)
      (net 42 /PA15))
    (pad 43 smd rect (at -0.25 -3.45 270) (size 0.3 0.85) (layers F.Cu F.Paste F.Mask)
      (net 43 /PB3))
    (pad 44 smd rect (at -0.75 -3.45 270) (size 0.3 0.85) (layers F.Cu F.Paste F.Mask)
      (net 44 /PB4))
    (pad 45 smd rect (at -1.25 -3.45 270) (size 0.3 0.85) (layers F.Cu F.Paste F.Mask)
      (net 45 /PB5))
    (pad 46 smd rect (at -1.75 -3.45 270) (size 0.3 0.85) (layers F.Cu F.Paste F.Mask)
      (net 46 /PB6))
    (pad 47 smd rect (at -2.25 -3.45 270) (size 0.3 0.85) (layers F.Cu F.Paste F.Mask)
      (net 47 /PB7))
    (pad 48 smd rect (at -2.75 -3.45 270) (size 0.3 0.85) (layers F.Cu F.Paste F.Mask)
      (net 50 /3V3))
    (pad 49 smd rect (at 0 0 270) (size 5.7 5.7) (layers F.Cu F.Paste F.Mask)
      (net 2 /GND))
    (model STM32WB55CEU6.stp
      (at (xyz 0 0 0))
      (scale (xyz 1 1 1))
      (rotate (xyz 0 0 0))
    )
  )

  (module Capacitors_SMD:C_1206_HandSoldering (layer F.Cu) (tedit 58AA84D1) (tstamp 5F2C19B6)
    (at 99.4029 63.405 270)
    (descr "Capacitor SMD 1206, hand soldering")
    (tags "capacitor 1206")
    (path /5F46FE53)
    (attr smd)
    (fp_text reference C19 (at -3.91592 0.02032 180) (layer F.SilkS)
      (effects (font (size 0.8 0.8) (thickness 0.1)))
    )
    (fp_text value 4.7uf (at 0 2 90) (layer F.Fab) hide
      (effects (font (size 1 1) (thickness 0.15)))
    )
    (fp_line (start -1.6 0.8) (end -1.6 -0.8) (layer F.Fab) (width 0.1))
    (fp_line (start 1.6 0.8) (end -1.6 0.8) (layer F.Fab) (width 0.1))
    (fp_line (start 1.6 -0.8) (end 1.6 0.8) (layer F.Fab) (width 0.1))
    (fp_line (start -1.6 -0.8) (end 1.6 -0.8) (layer F.Fab) (width 0.1))
    (fp_line (start 1 -1.02) (end -1 -1.02) (layer F.SilkS) (width 0.12))
    (fp_line (start -1 1.02) (end 1 1.02) (layer F.SilkS) (width 0.12))
    (fp_line (start -3.25 -1.05) (end 3.25 -1.05) (layer F.CrtYd) (width 0.05))
    (fp_line (start -3.25 -1.05) (end -3.25 1.05) (layer F.CrtYd) (width 0.05))
    (fp_line (start 3.25 1.05) (end 3.25 -1.05) (layer F.CrtYd) (width 0.05))
    (fp_line (start 3.25 1.05) (end -3.25 1.05) (layer F.CrtYd) (width 0.05))
    (fp_text user %R (at 0 -1.75 90) (layer F.Fab) hide
      (effects (font (size 1 1) (thickness 0.15)))
    )
    (pad 1 smd rect (at -2 0 270) (size 2 1.6) (layers F.Cu F.Paste F.Mask)
      (net 14 "Net-(C19-Pad1)"))
    (pad 2 smd rect (at 2 0 270) (size 2 1.6) (layers F.Cu F.Paste F.Mask)
      (net 2 /GND))
    (model Capacitors_SMD.3dshapes/C_1206.wrl
      (at (xyz 0 0 0))
      (scale (xyz 1 1 1))
      (rotate (xyz 0 0 0))
    )
  )

  (module Capacitors_SMD:C_1206_HandSoldering (layer B.Cu) (tedit 58AA84D1) (tstamp 5F2C1994)
    (at 87.2566 83.0224)
    (descr "Capacitor SMD 1206, hand soldering")
    (tags "capacitor 1206")
    (path /5F382DEC)
    (attr smd)
    (fp_text reference C17 (at 0 1.75) (layer B.SilkS)
      (effects (font (size 0.8 0.8) (thickness 0.1)) (justify mirror))
    )
    (fp_text value 4.7uf (at 0 -2) (layer B.Fab) hide
      (effects (font (size 1 1) (thickness 0.15)) (justify mirror))
    )
    (fp_line (start -1.6 -0.8) (end -1.6 0.8) (layer B.Fab) (width 0.1))
    (fp_line (start 1.6 -0.8) (end -1.6 -0.8) (layer B.Fab) (width 0.1))
    (fp_line (start 1.6 0.8) (end 1.6 -0.8) (layer B.Fab) (width 0.1))
    (fp_line (start -1.6 0.8) (end 1.6 0.8) (layer B.Fab) (width 0.1))
    (fp_line (start 1 1.02) (end -1 1.02) (layer B.SilkS) (width 0.12))
    (fp_line (start -1 -1.02) (end 1 -1.02) (layer B.SilkS) (width 0.12))
    (fp_line (start -3.25 1.05) (end 3.25 1.05) (layer B.CrtYd) (width 0.05))
    (fp_line (start -3.25 1.05) (end -3.25 -1.05) (layer B.CrtYd) (width 0.05))
    (fp_line (start 3.25 -1.05) (end 3.25 1.05) (layer B.CrtYd) (width 0.05))
    (fp_line (start 3.25 -1.05) (end -3.25 -1.05) (layer B.CrtYd) (width 0.05))
    (fp_text user %R (at 0 1.75) (layer B.Fab) hide
      (effects (font (size 1 1) (thickness 0.15)) (justify mirror))
    )
    (pad 1 smd rect (at -2 0) (size 2 1.6) (layers B.Cu B.Paste B.Mask)
      (net 50 /3V3))
    (pad 2 smd rect (at 2 0) (size 2 1.6) (layers B.Cu B.Paste B.Mask)
      (net 2 /GND))
    (model Capacitors_SMD.3dshapes/C_1206.wrl
      (at (xyz 0 0 0))
      (scale (xyz 1 1 1))
      (rotate (xyz 0 0 0))
    )
  )

  (module Pin_Headers:Pin_Header_Straight_1x01_Pitch2.54mm (layer F.Cu) (tedit 59650532) (tstamp 5F2C1873)
    (at 125.067 92.1309)
    (descr "Through hole straight pin header, 1x01, 2.54mm pitch, single row")
    (tags "Through hole pin header THT 1x01 2.54mm single row")
    (path /5F34E3C3)
    (fp_text reference AE1 (at 0.28448 -2.66192) (layer F.SilkS)
      (effects (font (size 0.8 0.8) (thickness 0.1)))
    )
    (fp_text value Antenna (at 0 2.33) (layer F.Fab) hide
      (effects (font (size 1 1) (thickness 0.15)))
    )
    (fp_line (start 1.8 -1.8) (end -1.8 -1.8) (layer F.CrtYd) (width 0.05))
    (fp_line (start 1.8 1.8) (end 1.8 -1.8) (layer F.CrtYd) (width 0.05))
    (fp_line (start -1.8 1.8) (end 1.8 1.8) (layer F.CrtYd) (width 0.05))
    (fp_line (start -1.8 -1.8) (end -1.8 1.8) (layer F.CrtYd) (width 0.05))
    (fp_line (start -1.33 -1.33) (end 0 -1.33) (layer F.SilkS) (width 0.12))
    (fp_line (start -1.33 0) (end -1.33 -1.33) (layer F.SilkS) (width 0.12))
    (fp_line (start -1.33 1.27) (end 1.33 1.27) (layer F.SilkS) (width 0.12))
    (fp_line (start 1.33 1.27) (end 1.33 1.33) (layer F.SilkS) (width 0.12))
    (fp_line (start -1.33 1.27) (end -1.33 1.33) (layer F.SilkS) (width 0.12))
    (fp_line (start -1.33 1.33) (end 1.33 1.33) (layer F.SilkS) (width 0.12))
    (fp_line (start -1.27 -0.635) (end -0.635 -1.27) (layer F.Fab) (width 0.1))
    (fp_line (start -1.27 1.27) (end -1.27 -0.635) (layer F.Fab) (width 0.1))
    (fp_line (start 1.27 1.27) (end -1.27 1.27) (layer F.Fab) (width 0.1))
    (fp_line (start 1.27 -1.27) (end 1.27 1.27) (layer F.Fab) (width 0.1))
    (fp_line (start -0.635 -1.27) (end 1.27 -1.27) (layer F.Fab) (width 0.1))
    (fp_text user %R (at 0 0 90) (layer F.Fab) hide
      (effects (font (size 1 1) (thickness 0.15)))
    )
    (pad 1 thru_hole rect (at 0 0) (size 1.7 1.7) (drill 1) (layers *.Cu *.Mask)
      (net 1 "Net-(AE1-Pad1)"))
    (model ${KISYS3DMOD}/Pin_Headers.3dshapes/Pin_Header_Straight_1x01_Pitch2.54mm.wrl
      (at (xyz 0 0 0))
      (scale (xyz 1 1 1))
      (rotate (xyz 0 0 0))
    )
  )

  (module Capacitors_SMD:C_0805 (layer B.Cu) (tedit 58AA8463) (tstamp 5F2C1884)
    (at 85.9112 87.3557)
    (descr "Capacitor SMD 0805, reflow soldering, AVX (see smccp.pdf)")
    (tags "capacitor 0805")
    (path /5F2F209A)
    (attr smd)
    (fp_text reference C1 (at -0.59004 1.52146) (layer B.SilkS)
      (effects (font (size 0.8 0.8) (thickness 0.1)) (justify mirror))
    )
    (fp_text value 100nf (at 0 -1.75) (layer B.Fab) hide
      (effects (font (size 1 1) (thickness 0.15)) (justify mirror))
    )
    (fp_line (start 1.75 -0.87) (end -1.75 -0.87) (layer B.CrtYd) (width 0.05))
    (fp_line (start 1.75 -0.87) (end 1.75 0.88) (layer B.CrtYd) (width 0.05))
    (fp_line (start -1.75 0.88) (end -1.75 -0.87) (layer B.CrtYd) (width 0.05))
    (fp_line (start -1.75 0.88) (end 1.75 0.88) (layer B.CrtYd) (width 0.05))
    (fp_line (start -0.5 -0.85) (end 0.5 -0.85) (layer B.SilkS) (width 0.12))
    (fp_line (start 0.5 0.85) (end -0.5 0.85) (layer B.SilkS) (width 0.12))
    (fp_line (start -1 0.62) (end 1 0.62) (layer B.Fab) (width 0.1))
    (fp_line (start 1 0.62) (end 1 -0.62) (layer B.Fab) (width 0.1))
    (fp_line (start 1 -0.62) (end -1 -0.62) (layer B.Fab) (width 0.1))
    (fp_line (start -1 -0.62) (end -1 0.62) (layer B.Fab) (width 0.1))
    (fp_text user %R (at 0 1.5) (layer B.Fab) hide
      (effects (font (size 1 1) (thickness 0.15)) (justify mirror))
    )
    (pad 2 smd rect (at 1 0) (size 1 1.25) (layers B.Cu B.Paste B.Mask)
      (net 2 /GND))
    (pad 1 smd rect (at -1 0) (size 1 1.25) (layers B.Cu B.Paste B.Mask)
      (net 3 /5V))
    (model Capacitors_SMD.3dshapes/C_0805.wrl
      (at (xyz 0 0 0))
      (scale (xyz 1 1 1))
      (rotate (xyz 0 0 0))
    )
  )

  (module Capacitors_SMD:C_0805 (layer B.Cu) (tedit 58AA8463) (tstamp 5F2C1895)
    (at 114.262 88.3133 90)
    (descr "Capacitor SMD 0805, reflow soldering, AVX (see smccp.pdf)")
    (tags "capacitor 0805")
    (path /5F3B3F6B)
    (attr smd)
    (fp_text reference C2 (at -2.28854 -0.09906 180) (layer B.SilkS)
      (effects (font (size 0.8 0.8) (thickness 0.1)) (justify mirror))
    )
    (fp_text value 22p (at 0 -1.75 270) (layer B.Fab) hide
      (effects (font (size 1 1) (thickness 0.15)) (justify mirror))
    )
    (fp_line (start 1.75 -0.87) (end -1.75 -0.87) (layer B.CrtYd) (width 0.05))
    (fp_line (start 1.75 -0.87) (end 1.75 0.88) (layer B.CrtYd) (width 0.05))
    (fp_line (start -1.75 0.88) (end -1.75 -0.87) (layer B.CrtYd) (width 0.05))
    (fp_line (start -1.75 0.88) (end 1.75 0.88) (layer B.CrtYd) (width 0.05))
    (fp_line (start -0.5 -0.85) (end 0.5 -0.85) (layer B.SilkS) (width 0.12))
    (fp_line (start 0.5 0.85) (end -0.5 0.85) (layer B.SilkS) (width 0.12))
    (fp_line (start -1 0.62) (end 1 0.62) (layer B.Fab) (width 0.1))
    (fp_line (start 1 0.62) (end 1 -0.62) (layer B.Fab) (width 0.1))
    (fp_line (start 1 -0.62) (end -1 -0.62) (layer B.Fab) (width 0.1))
    (fp_line (start -1 -0.62) (end -1 0.62) (layer B.Fab) (width 0.1))
    (fp_text user %R (at 0 1.5 270) (layer B.Fab) hide
      (effects (font (size 1 1) (thickness 0.15)) (justify mirror))
    )
    (pad 2 smd rect (at 1 0 90) (size 1 1.25) (layers B.Cu B.Paste B.Mask)
      (net 2 /GND))
    (pad 1 smd rect (at -1 0 90) (size 1 1.25) (layers B.Cu B.Paste B.Mask)
      (net 4 /OSC_OUT))
    (model Capacitors_SMD.3dshapes/C_0805.wrl
      (at (xyz 0 0 0))
      (scale (xyz 1 1 1))
      (rotate (xyz 0 0 0))
    )
  )

  (module Capacitors_SMD:C_0805 (layer B.Cu) (tedit 58AA8463) (tstamp 5F2C18A6)
    (at 105.472 82.9742)
    (descr "Capacitor SMD 0805, reflow soldering, AVX (see smccp.pdf)")
    (tags "capacitor 0805")
    (path /5F3B743C)
    (attr smd)
    (fp_text reference C3 (at -0.92024 1.53416) (layer B.SilkS)
      (effects (font (size 0.8 0.8) (thickness 0.1)) (justify mirror))
    )
    (fp_text value 22p (at 0 -1.75) (layer B.Fab) hide
      (effects (font (size 1 1) (thickness 0.15)) (justify mirror))
    )
    (fp_line (start 1.75 -0.87) (end -1.75 -0.87) (layer B.CrtYd) (width 0.05))
    (fp_line (start 1.75 -0.87) (end 1.75 0.88) (layer B.CrtYd) (width 0.05))
    (fp_line (start -1.75 0.88) (end -1.75 -0.87) (layer B.CrtYd) (width 0.05))
    (fp_line (start -1.75 0.88) (end 1.75 0.88) (layer B.CrtYd) (width 0.05))
    (fp_line (start -0.5 -0.85) (end 0.5 -0.85) (layer B.SilkS) (width 0.12))
    (fp_line (start 0.5 0.85) (end -0.5 0.85) (layer B.SilkS) (width 0.12))
    (fp_line (start -1 0.62) (end 1 0.62) (layer B.Fab) (width 0.1))
    (fp_line (start 1 0.62) (end 1 -0.62) (layer B.Fab) (width 0.1))
    (fp_line (start 1 -0.62) (end -1 -0.62) (layer B.Fab) (width 0.1))
    (fp_line (start -1 -0.62) (end -1 0.62) (layer B.Fab) (width 0.1))
    (fp_text user %R (at 0 1.5) (layer B.Fab) hide
      (effects (font (size 1 1) (thickness 0.15)) (justify mirror))
    )
    (pad 2 smd rect (at 1 0) (size 1 1.25) (layers B.Cu B.Paste B.Mask)
      (net 2 /GND))
    (pad 1 smd rect (at -1 0) (size 1 1.25) (layers B.Cu B.Paste B.Mask)
      (net 5 /OSC_IN))
    (model Capacitors_SMD.3dshapes/C_0805.wrl
      (at (xyz 0 0 0))
      (scale (xyz 1 1 1))
      (rotate (xyz 0 0 0))
    )
  )

  (module Capacitors_SMD:C_0805 (layer B.Cu) (tedit 58AA8463) (tstamp 5F2C18B7)
    (at 88.8517 69.2429)
    (descr "Capacitor SMD 0805, reflow soldering, AVX (see smccp.pdf)")
    (tags "capacitor 0805")
    (path /5F2F48A0)
    (attr smd)
    (fp_text reference C4 (at 0 1.5) (layer B.SilkS)
      (effects (font (size 0.8 0.8) (thickness 0.1)) (justify mirror))
    )
    (fp_text value 100nf (at 0 -1.75) (layer B.Fab) hide
      (effects (font (size 1 1) (thickness 0.15)) (justify mirror))
    )
    (fp_line (start -1 -0.62) (end -1 0.62) (layer B.Fab) (width 0.1))
    (fp_line (start 1 -0.62) (end -1 -0.62) (layer B.Fab) (width 0.1))
    (fp_line (start 1 0.62) (end 1 -0.62) (layer B.Fab) (width 0.1))
    (fp_line (start -1 0.62) (end 1 0.62) (layer B.Fab) (width 0.1))
    (fp_line (start 0.5 0.85) (end -0.5 0.85) (layer B.SilkS) (width 0.12))
    (fp_line (start -0.5 -0.85) (end 0.5 -0.85) (layer B.SilkS) (width 0.12))
    (fp_line (start -1.75 0.88) (end 1.75 0.88) (layer B.CrtYd) (width 0.05))
    (fp_line (start -1.75 0.88) (end -1.75 -0.87) (layer B.CrtYd) (width 0.05))
    (fp_line (start 1.75 -0.87) (end 1.75 0.88) (layer B.CrtYd) (width 0.05))
    (fp_line (start 1.75 -0.87) (end -1.75 -0.87) (layer B.CrtYd) (width 0.05))
    (fp_text user %R (at 0 1.5) (layer B.Fab) hide
      (effects (font (size 1 1) (thickness 0.15)) (justify mirror))
    )
    (pad 1 smd rect (at -1 0) (size 1 1.25) (layers B.Cu B.Paste B.Mask)
      (net 50 /3V3))
    (pad 2 smd rect (at 1 0) (size 1 1.25) (layers B.Cu B.Paste B.Mask)
      (net 2 /GND))
    (model Capacitors_SMD.3dshapes/C_0805.wrl
      (at (xyz 0 0 0))
      (scale (xyz 1 1 1))
      (rotate (xyz 0 0 0))
    )
  )

  (module Capacitors_SMD:C_0805 (layer B.Cu) (tedit 58AA8463) (tstamp 5F2C18C8)
    (at 117.046 63.086)
    (descr "Capacitor SMD 0805, reflow soldering, AVX (see smccp.pdf)")
    (tags "capacitor 0805")
    (path /5F39A30C)
    (attr smd)
    (fp_text reference C5 (at 0 1.5) (layer B.SilkS)
      (effects (font (size 0.8 0.8) (thickness 0.1)) (justify mirror))
    )
    (fp_text value 10p (at 0 -1.75) (layer B.Fab) hide
      (effects (font (size 1 1) (thickness 0.15)) (justify mirror))
    )
    (fp_line (start -1 -0.62) (end -1 0.62) (layer B.Fab) (width 0.1))
    (fp_line (start 1 -0.62) (end -1 -0.62) (layer B.Fab) (width 0.1))
    (fp_line (start 1 0.62) (end 1 -0.62) (layer B.Fab) (width 0.1))
    (fp_line (start -1 0.62) (end 1 0.62) (layer B.Fab) (width 0.1))
    (fp_line (start 0.5 0.85) (end -0.5 0.85) (layer B.SilkS) (width 0.12))
    (fp_line (start -0.5 -0.85) (end 0.5 -0.85) (layer B.SilkS) (width 0.12))
    (fp_line (start -1.75 0.88) (end 1.75 0.88) (layer B.CrtYd) (width 0.05))
    (fp_line (start -1.75 0.88) (end -1.75 -0.87) (layer B.CrtYd) (width 0.05))
    (fp_line (start 1.75 -0.87) (end 1.75 0.88) (layer B.CrtYd) (width 0.05))
    (fp_line (start 1.75 -0.87) (end -1.75 -0.87) (layer B.CrtYd) (width 0.05))
    (fp_text user %R (at 0 1.5) (layer B.Fab) hide
      (effects (font (size 1 1) (thickness 0.15)) (justify mirror))
    )
    (pad 1 smd rect (at -1 0) (size 1 1.25) (layers B.Cu B.Paste B.Mask)
      (net 2 /GND))
    (pad 2 smd rect (at 1 0) (size 1 1.25) (layers B.Cu B.Paste B.Mask)
      (net 6 /PC15))
    (model Capacitors_SMD.3dshapes/C_0805.wrl
      (at (xyz 0 0 0))
      (scale (xyz 1 1 1))
      (rotate (xyz 0 0 0))
    )
  )

  (module Capacitors_SMD:C_0805 (layer B.Cu) (tedit 58AA8463) (tstamp 5F2C18D9)
    (at 117.241 76.6928)
    (descr "Capacitor SMD 0805, reflow soldering, AVX (see smccp.pdf)")
    (tags "capacitor 0805")
    (path /5F39B61B)
    (attr smd)
    (fp_text reference C6 (at 0 1.5) (layer B.SilkS)
      (effects (font (size 0.8 0.8) (thickness 0.1)) (justify mirror))
    )
    (fp_text value 10p (at 0 -1.75) (layer B.Fab) hide
      (effects (font (size 1 1) (thickness 0.15)) (justify mirror))
    )
    (fp_line (start -1 -0.62) (end -1 0.62) (layer B.Fab) (width 0.1))
    (fp_line (start 1 -0.62) (end -1 -0.62) (layer B.Fab) (width 0.1))
    (fp_line (start 1 0.62) (end 1 -0.62) (layer B.Fab) (width 0.1))
    (fp_line (start -1 0.62) (end 1 0.62) (layer B.Fab) (width 0.1))
    (fp_line (start 0.5 0.85) (end -0.5 0.85) (layer B.SilkS) (width 0.12))
    (fp_line (start -0.5 -0.85) (end 0.5 -0.85) (layer B.SilkS) (width 0.12))
    (fp_line (start -1.75 0.88) (end 1.75 0.88) (layer B.CrtYd) (width 0.05))
    (fp_line (start -1.75 0.88) (end -1.75 -0.87) (layer B.CrtYd) (width 0.05))
    (fp_line (start 1.75 -0.87) (end 1.75 0.88) (layer B.CrtYd) (width 0.05))
    (fp_line (start 1.75 -0.87) (end -1.75 -0.87) (layer B.CrtYd) (width 0.05))
    (fp_text user %R (at 0 1.5) (layer B.Fab) hide
      (effects (font (size 1 1) (thickness 0.15)) (justify mirror))
    )
    (pad 1 smd rect (at -1 0) (size 1 1.25) (layers B.Cu B.Paste B.Mask)
      (net 2 /GND))
    (pad 2 smd rect (at 1 0) (size 1 1.25) (layers B.Cu B.Paste B.Mask)
      (net 7 /PC14))
    (model Capacitors_SMD.3dshapes/C_0805.wrl
      (at (xyz 0 0 0))
      (scale (xyz 1 1 1))
      (rotate (xyz 0 0 0))
    )
  )

  (module Capacitors_SMD:C_0805 (layer B.Cu) (tedit 58AA8463) (tstamp 5F2C18EA)
    (at 121.346 91.8159 270)
    (descr "Capacitor SMD 0805, reflow soldering, AVX (see smccp.pdf)")
    (tags "capacitor 0805")
    (path /5F333F7E)
    (attr smd)
    (fp_text reference C7 (at 2.40538 -0.0762 180) (layer B.SilkS)
      (effects (font (size 0.8 0.8) (thickness 0.1)) (justify mirror))
    )
    (fp_text value 1.2p (at 0 -1.75 270) (layer B.Fab) hide
      (effects (font (size 1 1) (thickness 0.15)) (justify mirror))
    )
    (fp_line (start -1 -0.62) (end -1 0.62) (layer B.Fab) (width 0.1))
    (fp_line (start 1 -0.62) (end -1 -0.62) (layer B.Fab) (width 0.1))
    (fp_line (start 1 0.62) (end 1 -0.62) (layer B.Fab) (width 0.1))
    (fp_line (start -1 0.62) (end 1 0.62) (layer B.Fab) (width 0.1))
    (fp_line (start 0.5 0.85) (end -0.5 0.85) (layer B.SilkS) (width 0.12))
    (fp_line (start -0.5 -0.85) (end 0.5 -0.85) (layer B.SilkS) (width 0.12))
    (fp_line (start -1.75 0.88) (end 1.75 0.88) (layer B.CrtYd) (width 0.05))
    (fp_line (start -1.75 0.88) (end -1.75 -0.87) (layer B.CrtYd) (width 0.05))
    (fp_line (start 1.75 -0.87) (end 1.75 0.88) (layer B.CrtYd) (width 0.05))
    (fp_line (start 1.75 -0.87) (end -1.75 -0.87) (layer B.CrtYd) (width 0.05))
    (fp_text user %R (at 0 1.5 270) (layer B.Fab) hide
      (effects (font (size 1 1) (thickness 0.15)) (justify mirror))
    )
    (pad 1 smd rect (at -1 0 270) (size 1 1.25) (layers B.Cu B.Paste B.Mask)
      (net 1 "Net-(AE1-Pad1)"))
    (pad 2 smd rect (at 1 0 270) (size 1 1.25) (layers B.Cu B.Paste B.Mask)
      (net 8 "Net-(C7-Pad2)"))
    (model Capacitors_SMD.3dshapes/C_0805.wrl
      (at (xyz 0 0 0))
      (scale (xyz 1 1 1))
      (rotate (xyz 0 0 0))
    )
  )

  (module Capacitors_SMD:C_0805 (layer B.Cu) (tedit 58AA8463) (tstamp 5F2C18FB)
    (at 121.45 85.7395 90)
    (descr "Capacitor SMD 0805, reflow soldering, AVX (see smccp.pdf)")
    (tags "capacitor 0805")
    (path /5F333F88)
    (attr smd)
    (fp_text reference C8 (at -2.41732 -0.15748 180) (layer B.SilkS)
      (effects (font (size 0.8 0.8) (thickness 0.1)) (justify mirror))
    )
    (fp_text value NM (at 0 -1.75 270) (layer B.Fab) hide
      (effects (font (size 1 1) (thickness 0.15)) (justify mirror))
    )
    (fp_line (start -1 -0.62) (end -1 0.62) (layer B.Fab) (width 0.1))
    (fp_line (start 1 -0.62) (end -1 -0.62) (layer B.Fab) (width 0.1))
    (fp_line (start 1 0.62) (end 1 -0.62) (layer B.Fab) (width 0.1))
    (fp_line (start -1 0.62) (end 1 0.62) (layer B.Fab) (width 0.1))
    (fp_line (start 0.5 0.85) (end -0.5 0.85) (layer B.SilkS) (width 0.12))
    (fp_line (start -0.5 -0.85) (end 0.5 -0.85) (layer B.SilkS) (width 0.12))
    (fp_line (start -1.75 0.88) (end 1.75 0.88) (layer B.CrtYd) (width 0.05))
    (fp_line (start -1.75 0.88) (end -1.75 -0.87) (layer B.CrtYd) (width 0.05))
    (fp_line (start 1.75 -0.87) (end 1.75 0.88) (layer B.CrtYd) (width 0.05))
    (fp_line (start 1.75 -0.87) (end -1.75 -0.87) (layer B.CrtYd) (width 0.05))
    (fp_text user %R (at 0 1.5 270) (layer B.Fab) hide
      (effects (font (size 1 1) (thickness 0.15)) (justify mirror))
    )
    (pad 1 smd rect (at -1 0 90) (size 1 1.25) (layers B.Cu B.Paste B.Mask)
      (net 9 "Net-(C8-Pad1)"))
    (pad 2 smd rect (at 1 0 90) (size 1 1.25) (layers B.Cu B.Paste B.Mask)
      (net 8 "Net-(C7-Pad2)"))
    (model Capacitors_SMD.3dshapes/C_0805.wrl
      (at (xyz 0 0 0))
      (scale (xyz 1 1 1))
      (rotate (xyz 0 0 0))
    )
  )

  (module Capacitors_SMD:C_0805 (layer B.Cu) (tedit 58AA8463) (tstamp 5F2C190C)
    (at 125.382 80.9429 270)
    (descr "Capacitor SMD 0805, reflow soldering, AVX (see smccp.pdf)")
    (tags "capacitor 0805")
    (path /5F341470)
    (attr smd)
    (fp_text reference C9 (at 2.29798 0.00252 180) (layer B.SilkS)
      (effects (font (size 0.8 0.8) (thickness 0.1)) (justify mirror))
    )
    (fp_text value 10nf (at 0 -1.75 270) (layer B.Fab) hide
      (effects (font (size 1 1) (thickness 0.15)) (justify mirror))
    )
    (fp_line (start 1.75 -0.87) (end -1.75 -0.87) (layer B.CrtYd) (width 0.05))
    (fp_line (start 1.75 -0.87) (end 1.75 0.88) (layer B.CrtYd) (width 0.05))
    (fp_line (start -1.75 0.88) (end -1.75 -0.87) (layer B.CrtYd) (width 0.05))
    (fp_line (start -1.75 0.88) (end 1.75 0.88) (layer B.CrtYd) (width 0.05))
    (fp_line (start -0.5 -0.85) (end 0.5 -0.85) (layer B.SilkS) (width 0.12))
    (fp_line (start 0.5 0.85) (end -0.5 0.85) (layer B.SilkS) (width 0.12))
    (fp_line (start -1 0.62) (end 1 0.62) (layer B.Fab) (width 0.1))
    (fp_line (start 1 0.62) (end 1 -0.62) (layer B.Fab) (width 0.1))
    (fp_line (start 1 -0.62) (end -1 -0.62) (layer B.Fab) (width 0.1))
    (fp_line (start -1 -0.62) (end -1 0.62) (layer B.Fab) (width 0.1))
    (fp_text user %R (at 0 1.5 270) (layer B.Fab) hide
      (effects (font (size 1 1) (thickness 0.15)) (justify mirror))
    )
    (pad 2 smd rect (at 1 0 270) (size 1 1.25) (layers B.Cu B.Paste B.Mask)
      (net 10 "Net-(C9-Pad2)"))
    (pad 1 smd rect (at -1 0 270) (size 1 1.25) (layers B.Cu B.Paste B.Mask)
      (net 9 "Net-(C8-Pad1)"))
    (model Capacitors_SMD.3dshapes/C_0805.wrl
      (at (xyz 0 0 0))
      (scale (xyz 1 1 1))
      (rotate (xyz 0 0 0))
    )
  )

  (module Capacitors_SMD:C_0805 (layer B.Cu) (tedit 58AA8463) (tstamp 5F2C191D)
    (at 108.742 55.2501)
    (descr "Capacitor SMD 0805, reflow soldering, AVX (see smccp.pdf)")
    (tags "capacitor 0805")
    (path /5F2D469C)
    (attr smd)
    (fp_text reference C10 (at 0 1.5) (layer B.SilkS)
      (effects (font (size 0.8 0.8) (thickness 0.1)) (justify mirror))
    )
    (fp_text value 100nf (at 0 -1.75) (layer B.Fab) hide
      (effects (font (size 1 1) (thickness 0.15)) (justify mirror))
    )
    (fp_line (start 1.75 -0.87) (end -1.75 -0.87) (layer B.CrtYd) (width 0.05))
    (fp_line (start 1.75 -0.87) (end 1.75 0.88) (layer B.CrtYd) (width 0.05))
    (fp_line (start -1.75 0.88) (end -1.75 -0.87) (layer B.CrtYd) (width 0.05))
    (fp_line (start -1.75 0.88) (end 1.75 0.88) (layer B.CrtYd) (width 0.05))
    (fp_line (start -0.5 -0.85) (end 0.5 -0.85) (layer B.SilkS) (width 0.12))
    (fp_line (start 0.5 0.85) (end -0.5 0.85) (layer B.SilkS) (width 0.12))
    (fp_line (start -1 0.62) (end 1 0.62) (layer B.Fab) (width 0.1))
    (fp_line (start 1 0.62) (end 1 -0.62) (layer B.Fab) (width 0.1))
    (fp_line (start 1 -0.62) (end -1 -0.62) (layer B.Fab) (width 0.1))
    (fp_line (start -1 -0.62) (end -1 0.62) (layer B.Fab) (width 0.1))
    (fp_text user %R (at 0 1.5) (layer B.Fab) hide
      (effects (font (size 1 1) (thickness 0.15)) (justify mirror))
    )
    (pad 2 smd rect (at 1 0) (size 1 1.25) (layers B.Cu B.Paste B.Mask)
      (net 2 /GND))
    (pad 1 smd rect (at -1 0) (size 1 1.25) (layers B.Cu B.Paste B.Mask)
      (net 11 "Net-(C10-Pad1)"))
    (model Capacitors_SMD.3dshapes/C_0805.wrl
      (at (xyz 0 0 0))
      (scale (xyz 1 1 1))
      (rotate (xyz 0 0 0))
    )
  )

  (module Capacitors_SMD:C_0805 (layer B.Cu) (tedit 58AA8463) (tstamp 5F2C192E)
    (at 85.6419 77.4776)
    (descr "Capacitor SMD 0805, reflow soldering, AVX (see smccp.pdf)")
    (tags "capacitor 0805")
    (path /5F305779)
    (attr smd)
    (fp_text reference C11 (at -0.42672 1.30556) (layer B.SilkS)
      (effects (font (size 0.8 0.8) (thickness 0.1)) (justify mirror))
    )
    (fp_text value 100p (at 0 -1.75) (layer B.Fab) hide
      (effects (font (size 1 1) (thickness 0.15)) (justify mirror))
    )
    (fp_line (start 1.75 -0.87) (end -1.75 -0.87) (layer B.CrtYd) (width 0.05))
    (fp_line (start 1.75 -0.87) (end 1.75 0.88) (layer B.CrtYd) (width 0.05))
    (fp_line (start -1.75 0.88) (end -1.75 -0.87) (layer B.CrtYd) (width 0.05))
    (fp_line (start -1.75 0.88) (end 1.75 0.88) (layer B.CrtYd) (width 0.05))
    (fp_line (start -0.5 -0.85) (end 0.5 -0.85) (layer B.SilkS) (width 0.12))
    (fp_line (start 0.5 0.85) (end -0.5 0.85) (layer B.SilkS) (width 0.12))
    (fp_line (start -1 0.62) (end 1 0.62) (layer B.Fab) (width 0.1))
    (fp_line (start 1 0.62) (end 1 -0.62) (layer B.Fab) (width 0.1))
    (fp_line (start 1 -0.62) (end -1 -0.62) (layer B.Fab) (width 0.1))
    (fp_line (start -1 -0.62) (end -1 0.62) (layer B.Fab) (width 0.1))
    (fp_text user %R (at 0 1.5) (layer B.Fab) hide
      (effects (font (size 1 1) (thickness 0.15)) (justify mirror))
    )
    (pad 2 smd rect (at 1 0) (size 1 1.25) (layers B.Cu B.Paste B.Mask)
      (net 2 /GND))
    (pad 1 smd rect (at -1 0) (size 1 1.25) (layers B.Cu B.Paste B.Mask)
      (net 50 /3V3))
    (model Capacitors_SMD.3dshapes/C_0805.wrl
      (at (xyz 0 0 0))
      (scale (xyz 1 1 1))
      (rotate (xyz 0 0 0))
    )
  )

  (module Capacitors_SMD:C_0805 (layer B.Cu) (tedit 58AA8463) (tstamp 5F2C193F)
    (at 88.7679 63.4136)
    (descr "Capacitor SMD 0805, reflow soldering, AVX (see smccp.pdf)")
    (tags "capacitor 0805")
    (path /5F447F70)
    (attr smd)
    (fp_text reference C12 (at 0 1.5) (layer B.SilkS)
      (effects (font (size 0.8 0.8) (thickness 0.1)) (justify mirror))
    )
    (fp_text value 100nf (at 0 -1.75) (layer B.Fab) hide
      (effects (font (size 1 1) (thickness 0.15)) (justify mirror))
    )
    (fp_line (start 1.75 -0.87) (end -1.75 -0.87) (layer B.CrtYd) (width 0.05))
    (fp_line (start 1.75 -0.87) (end 1.75 0.88) (layer B.CrtYd) (width 0.05))
    (fp_line (start -1.75 0.88) (end -1.75 -0.87) (layer B.CrtYd) (width 0.05))
    (fp_line (start -1.75 0.88) (end 1.75 0.88) (layer B.CrtYd) (width 0.05))
    (fp_line (start -0.5 -0.85) (end 0.5 -0.85) (layer B.SilkS) (width 0.12))
    (fp_line (start 0.5 0.85) (end -0.5 0.85) (layer B.SilkS) (width 0.12))
    (fp_line (start -1 0.62) (end 1 0.62) (layer B.Fab) (width 0.1))
    (fp_line (start 1 0.62) (end 1 -0.62) (layer B.Fab) (width 0.1))
    (fp_line (start 1 -0.62) (end -1 -0.62) (layer B.Fab) (width 0.1))
    (fp_line (start -1 -0.62) (end -1 0.62) (layer B.Fab) (width 0.1))
    (fp_text user %R (at 0 1.5) (layer B.Fab) hide
      (effects (font (size 1 1) (thickness 0.15)) (justify mirror))
    )
    (pad 2 smd rect (at 1 0) (size 1 1.25) (layers B.Cu B.Paste B.Mask)
      (net 2 /GND))
    (pad 1 smd rect (at -1 0) (size 1 1.25) (layers B.Cu B.Paste B.Mask)
      (net 50 /3V3))
    (model Capacitors_SMD.3dshapes/C_0805.wrl
      (at (xyz 0 0 0))
      (scale (xyz 1 1 1))
      (rotate (xyz 0 0 0))
    )
  )

  (module Capacitors_SMD:C_0805 (layer B.Cu) (tedit 58AA8463) (tstamp 5F2C1950)
    (at 88.5038 79.8068)
    (descr "Capacitor SMD 0805, reflow soldering, AVX (see smccp.pdf)")
    (tags "capacitor 0805")
    (path /5F310980)
    (attr smd)
    (fp_text reference C13 (at 0.92786 1.49098) (layer B.SilkS)
      (effects (font (size 0.8 0.8) (thickness 0.1)) (justify mirror))
    )
    (fp_text value 100nf (at 0 -1.75) (layer B.Fab) hide
      (effects (font (size 1 1) (thickness 0.15)) (justify mirror))
    )
    (fp_line (start -1 -0.62) (end -1 0.62) (layer B.Fab) (width 0.1))
    (fp_line (start 1 -0.62) (end -1 -0.62) (layer B.Fab) (width 0.1))
    (fp_line (start 1 0.62) (end 1 -0.62) (layer B.Fab) (width 0.1))
